0.757849
0.954888
0.115773
0.683671
0.013510
0.488389
0.584304
0.024459
0.038741
0.044591
0.441155
0.868468
0.304059
0.027241
0.158805
0.793044
0.024756
0.510365
0.389655
0.512667
1.182646
0.462295
0.248072
0.585651
0.666752
0.024926
0.463899
0.675964
0.221079
0.123164
0.949518
0.074075
0.036404
0.029335
1.072424
0.050949
0.570436
0.424450
0.078104
0.703282
0.535649
0.656139
0.432510
0.059990
0.765816
0.952143
1.194817
0.892266
0.337398
0.298568
0.320702
0.252768
0.027186
0.999663
0.045430
0.778822
1.222094
0.587906
0.378179
0.157736
1.202676
0.239756
0.262338
1.955702
0.288034
0.172068
0.039991
0.062983
0.994918
0.125184
1.033249
0.367734
1.521201
0.301040
0.502261
0.666088
0.180772
0.390571
0.419922
0.790279
2.397671
0.021281
0.105952
0.022840
1.183525
0.162735
0.897945
0.855864
1.740829
0.226788
0.047157
1.056023
0.684349
0.344832
0.979489
0.101338
0.778952
1.373375
0.179634
0.528790
0.085602
0.096298
0.095231
0.058059
0.493777
0.823061
0.934518
1.336198
0.214870
0.267175
0.645589
0.208556
0.304053
1.238533
0.243640
0.224601
0.107726
0.124055
0.100024
0.089005
0.438983
0.158254
0.021494
0.200190
0.733897
1.156691
0.360149
0.409343
0.906813
0.844255
0.118935
2.582616
2.322474
0.243162
0.054862
0.481041
0.106796
1.494338
0.397941
0.390054
0.225960
0.160013
1.071496
0.855222
0.105287
0.156262
0.099883
0.242014
0.334840
0.225011
0.395678
0.037631
0.502147
0.444394
0.257446
0.258140
0.336594
1.237443
1.638427
0.197900
0.656583
0.095549
0.193675
0.639030
0.409430
0.276749
0.207247
0.695930
0.234771
1.095267
0.173384
0.670290
0.088376
0.096627
0.407681
0.216850
0.293610
0.670848
0.665141
1.346019
0.053227
0.165899
0.002384
0.663411
1.024801
0.261443
0.074218
0.224030
0.195057
0.052790
0.582364
0.027784
0.160203
0.004591
0.746885
0.895512
0.284761
0.060972
0.439255
0.827519
0.001474
1.050351
0.396176
0.090137
0.027417
0.055322
0.363716
0.344067
0.926839
0.145477
0.280835
1.444100
0.382662
0.285024
0.568164
0.260464
0.921614
0.848994
0.728712
0.089991
1.245338
0.303629
0.123441
0.106158
0.312087
2.578618
0.012403
1.143850
0.057730
0.469652
0.614501
0.059385
0.333476
0.146942
0.162136
0.388359
0.222659
0.789450
0.019149
0.113274
0.023675
0.314916
0.079523
0.435019
1.160480
0.874486
2.175054
0.680343
0.515004
0.701739
1.194233
0.410652
0.117492
0.067908
0.696022
0.559989
0.064621
0.747909
0.424565
0.130866
0.243095
0.163994
0.209482
1.026945
0.382070
0.482764
0.265388
1.120484
0.266379
0.298397
0.050664
0.307411
1.242923
0.139465
0.020581
0.853431
0.035992
0.013902
0.412860
0.623179
0.760899
0.317732
0.159134
2.360713
0.454791
0.012159
0.546529
0.633894
0.804618
0.135264
1.486294
0.102280
0.363509
0.172021
0.029217
0.026130
1.205746
0.316131
1.446246
0.195289
1.250749
0.020893
0.763002
0.900247
0.167270
0.865590
0.529718
0.218312
0.949715
0.121309
0.034266
0.499873
0.578767
0.206870
0.487920
0.166372
0.225377
0.169793
0.000797
0.088853
0.372177
1.502109
0.213707
0.021251
0.138222
0.259233
0.048547
0.082344
1.032486
0.018898
0.322346
0.783228
0.040614
0.149050
0.491748
0.224982
0.042070
0.163799
0.629628
1.337145
0.341377
0.762481
0.413993
0.099541
0.064598
0.103018
0.311404
0.330872
0.321352
0.312891
0.520448
3.500956
0.268567
2.617031
0.020776
0.535162
0.254775
0.071490
0.827596
0.159011
0.093358
0.167122
0.032872
0.142733
0.390327
0.584991
0.471683
0.487214
1.736481
0.197871
0.403311
0.311579
0.057812
0.062050
0.516789
0.130934
0.180416
0.057050
0.626648
0.750371
0.425472
0.224160
0.748334
2.235674
0.220003
0.848659
0.518764
0.703661
1.498416
0.303132
0.014002
0.064130
0.671112
0.047839
0.229996
0.164690
0.759048
1.941138
1.167669
0.692839
0.182797
0.305193
0.120143
0.268419
0.426149
0.975493
0.518939
1.045637
1.686277
0.223325
0.529944
0.386839
0.639225
0.280736
0.374600
0.040333
0.141484
0.094930
0.893987
0.109396
0.493814
0.984186
0.190547
0.228072
1.513708
0.578540
0.520512
0.659188
0.546802
0.399397
0.329157
1.773851
0.003506
0.595157
0.244382
0.434410
0.403427
0.016473
0.305345
0.366400
0.249318
0.058565
0.029942
0.060617
0.388439
0.440197
0.106394
0.772333
0.710042
0.012338
2.041051
0.243756
1.080062
0.178348
0.697413
0.904703
2.120660
0.254606
0.420451
0.525776
1.489533
0.026150
0.486185
1.563458
0.686847
0.004233
0.384691
0.178745
0.020848
2.535610
0.857424
0.284123
0.055050
1.052419
0.396655
0.516996
0.311358
0.672244
0.281966
0.125399
0.721327
0.267354
0.467824
0.522616
0.626186
0.222981
0.331443
0.601629
0.711112
0.027396
0.215692
0.615471
0.055060
1.791440
0.545516
0.952248
1.972119
0.112091
0.082244
0.010854
0.108181
1.782122
0.303443
0.177489
0.947947
0.001306
1.434344
0.187951
0.677274
0.234409
0.383023
0.352242
0.776573
0.077054
0.083633
0.349173
0.349193
0.508973
0.113061
0.151524
0.588797
0.402340
1.743685
0.795439
0.372192
0.501945
0.521148
0.352213
0.899029
0.802295
0.374416
0.014681
0.736384
2.009679
0.198560
0.484485
2.088145
0.158023
1.357968
0.648374
0.518146
0.316505
0.132124
0.284273
0.473156
0.244078
1.376348
0.060769
0.012611
0.074611
0.235705
0.630955
0.587842
0.211787
0.359890
0.121906
1.927966
0.087472
0.640019
0.838928
1.603527
0.143211
0.923093
0.655100
0.131390
0.093110
0.215976
0.121504
0.290698
0.167469
1.426378
0.045026
0.700453
0.095902
0.366742
0.227424
0.411371
0.304413
0.326865
0.440559
0.451483
0.968197
0.180175
0.168454
0.112244
0.845618
0.348971
0.099177
1.869128
0.127037
2.491482
1.372321
0.320675
0.901840
0.548252
0.609558
0.002616
0.008432
1.264386
0.295386
0.179296
0.992277
0.379875
0.028267
0.018898
0.026692
0.272727
0.455483
0.354633
1.152897
0.101392
0.054143
0.705493
0.332876
0.246047
1.575274
0.179640
1.108420
0.073723
0.162883
0.061317
0.069768
0.120243
0.444376
1.684069
1.058955
0.173603
1.766176
1.133803
0.120134
0.269668
0.110186
0.039598
1.488764
0.145675
0.060085
0.000533
0.559155
0.620829
0.355717
0.426058
1.125187
0.472974
0.199930
0.239626
0.000172
0.168967
0.573756
1.110002
0.275693
1.616995
0.003413
0.403816
0.095795
0.452718
0.366603
0.027794
1.098997
0.337062
1.503013
0.054103
1.188988
0.080256
0.098433
0.970165
0.256279
0.172606
0.973886
0.038552
0.001515
0.228223
0.521630
1.139752
1.911946
1.892293
0.163155
1.919888
0.153289
1.622000
1.019699
0.582197
1.272918
1.046552
0.138519
0.050434
0.319643
0.716920
0.081270
0.224164
0.145180
0.052975
0.311682
0.086741
0.143057
0.514396
0.007867
0.524714
1.362784
1.031860
0.643802
1.386421
0.136881
0.232420
0.901453
0.122723
0.214659
0.060293
0.109169
0.474776
0.038760
0.034161
0.179033
2.784268
1.430038
0.391480
0.048328
0.268128
0.181603
0.138635
0.748884
0.406599
0.209792
0.137372
0.629090
0.447636
1.071916
0.657341
0.138117
0.849917
0.463751
1.682447
0.702845
0.928779
0.205640
0.445778
0.031785
0.579573
0.607992
0.149027
0.177860
0.752930
0.195617
0.458527
0.744402
0.154973
0.077307
1.006783
0.572191
0.296932
0.057502
0.306199
0.002191
0.300118
0.598970
0.636843
0.021883
0.434918
0.300413
0.167168
0.253970
0.028868
0.143588
0.083068
1.151532
0.441936
0.679439
1.630366
0.159460
0.295867
0.123832
0.424781
0.127321
0.391707
0.094795
3.543541
0.829496
0.189867
1.003663
0.337898
0.721467
1.830442
1.489929
0.730807
0.277222
0.521189
0.335047
0.315960
0.129622
1.406552
0.698408
0.492594
2.771155
0.001120
0.756381
1.132309
0.444651
0.369858
0.975155
0.990698
1.743115
0.040143
0.285041
0.107954
0.484192
0.467257
0.107436
0.281036
1.283142
0.030410
1.270565
0.580689
0.016932
1.021738
0.303562
0.307081
0.364706
1.436085
1.310951
0.685550
1.074527
0.569642
0.233248
1.058004
0.573149
0.082734
0.747204
0.158210
0.562355
0.501726
0.071572
0.517308
0.619864
0.419539
0.912642
0.200867
0.096255
0.016356
0.715258
0.051733
0.047810
0.572910
0.769116
0.066473
0.401994
0.137431
0.437806
0.036429
0.101516
0.357419
0.847606
0.034757
0.105781
0.104893
1.465360
1.031271
0.209082
0.640535
0.077810
0.008573
0.219755
0.162510
0.541818
0.034239
0.933384
0.347039
0.252941
0.010352
0.380336
0.085893
0.063227
0.488868
0.915910
1.171835
0.689810
0.249068
0.077946
0.201523
0.310511
0.198820
0.923999
0.163589
0.251470
0.016845
0.315826
0.209192
1.182219
0.830454
0.033151
0.025707
0.877328
0.272191
0.198451
0.335370
0.332751
0.094962
2.261109
1.072838
0.107507
0.368845
0.020855
0.187169
0.078690
1.063183
0.121852
1.121906
0.159461
0.223636
0.127876
0.665284
0.583541
0.035272
0.007414
0.043856
0.053370
0.329861
0.277447
0.003633
0.173390
0.336690
0.029532
0.063958
1.202957
0.243029
0.469194
0.251926
0.408146
0.455499
0.163428
0.695959
0.063724
0.192585
0.032887
0.154134
0.111819
0.164209
0.086717
0.320716
0.511615
0.242980
0.117314
0.199712
0.301659
0.126707
0.266595
0.403996
0.613551
0.913598
0.412183
4.595051
0.199608
0.482269
0.063900
0.136542
0.001901
0.652288
0.503617
0.412456
0.197700
1.224299
0.187804
0.295521
0.132797
0.236432
0.621585
0.284267
0.534610
1.023040
1.188156
0.176407
0.147624
0.061787
0.492533
0.616631
0.207831
0.020335
0.152521
0.024047
1.055944
0.869758
0.023993
0.116688
0.292806
0.091255
0.296303
0.296225
1.129456
0.042718
0.004397
0.125595
2.698843
0.194219
0.551877
0.129854
0.599774
0.238943
0.542899
0.219558
0.144286
0.421375
0.528762
0.352934
0.578733
0.163746
0.121023
0.013077
0.192188
0.324936
0.037777
0.110395
0.179970
0.063703
0.260657
0.684260
0.168749
0.959938
0.106935
0.100436
1.368707
0.112386
0.258848
1.334911
0.370314
0.037623
0.086854
0.125422
0.301098
0.862498
0.430486
0.607112
0.248216
0.130640
0.117469
0.040074
0.355864
0.276136
0.054257
0.881089
1.162655
0.096552
0.013400
0.114410
0.174940
0.283438
1.498321
0.435748
0.168492
0.076920
0.721236
0.125092
0.210716
0.091821
0.082483
1.009002
0.137383
0.186646
0.046571
0.589872
0.071567
0.548583
0.251844
0.371866
1.132255
0.464538
0.460253
0.259869
0.014942
0.609571
0.133060
1.341837
1.060635
0.150619
0.073217
0.096397
0.590133
0.045106
0.707393
1.928834
0.129939
0.367693
0.111712
0.425190
0.583091
0.217166
0.289755
1.320401
0.545081
0.376196
0.485556
0.797768
0.108423
0.008594
0.194203
0.047741
0.486592
1.285532
0.342976
0.527150
0.494515
0.654746
0.437637
0.354824
2.309703
0.635535
0.575266
0.574339
0.819257
0.290404
0.542099
0.017599
1.625100
0.990440
0.467396
0.524453
0.120625
0.024154
0.431819
1.052658
0.428919
0.111393
0.562570
0.736729
0.122154
2.949223
0.990012
0.912792
1.267903
0.221835
0.337104
0.397994
0.046259
0.038274
0.029370
0.040880
0.787908
0.674652
0.716593
0.456763
0.099917
0.275199
0.501848
0.076789
0.167969
0.137752
0.785218
0.346260
0.169818
0.231352
0.237311
0.997154
0.422141
0.027372
0.503601
0.772969
0.025925
0.343279
0.491435
1.775966
0.965573
0.061765
0.367188
1.435736
0.105297
0.430479
0.011068
2.038995
0.191232
0.764723
0.436078
0.345530
0.115729
0.121309
0.512665
0.338594
0.304623
0.284022
2.392298
0.681699
0.814279
0.230638
0.468377
0.234140
0.274778
0.139105
0.087659
0.320584
0.672687
0.772235
0.294082
0.451410
1.165391
1.674051
0.386052
0.048629
0.390544
0.410322
0.039379
0.982751
0.210185
0.536015
0.222261
0.399055
1.032241
0.000096
0.021337
0.199758
0.284191
0.016995
0.038206
0.135476
0.257870
0.572330
0.472433
0.873589
1.292016
0.739377
0.177665
0.545454
0.408963
0.680726
0.149651
0.309422
0.616461
0.796350
0.403843
0.144276
0.220398
0.496920
0.058585
0.601441
0.169512
0.316908
0.143503
0.087564
0.317088
0.172140
0.336679
1.167482
0.196291
0.414566
0.075721
0.650297
0.140678
0.696761
0.403007
0.093027
0.371042
0.956702
0.897460
0.043069
0.453336
0.048544
0.392594
0.181702
1.099777
0.051613
0.405231
0.140932
0.650839
0.548179
1.452915
0.007790
0.072716
0.108326
0.096860
0.464407
0.332824
0.548483
0.354805
0.832341
0.130481
0.523052
0.386505
0.322112
0.255827
0.048114
0.517397
1.290989
1.442693
0.325581
0.003466
0.388592
0.423246
0.400226
0.932152
0.308307
0.523417
0.255699
0.611840
0.236506
0.034277
0.526558
0.249068
0.112578
0.935211
0.420185
0.821462
0.201734
0.133657
0.188986
0.077013
0.312050
1.654492
0.571485
1.399968
0.226234
0.741123
0.438399
0.170063
0.631224
0.032241
0.174940
0.148759
0.501919
0.935733
0.053980
0.049226
0.341652
0.349261
0.803758
1.027597
0.420751
0.299616
0.153446
0.736025
0.175991
0.894040
0.430347
0.495385
0.034828
1.112266
0.738021
0.379154
0.966645
0.301277
0.318126
0.123764
0.127744
0.028081
0.354223
1.427995
0.062250
0.811817
0.111473
0.694331
0.523372
0.179896
0.930080
0.077728
0.817015
0.516367
0.008018
0.234039
0.049763
0.164375
0.077942
0.248332
0.059897
0.639120
0.010178
0.099337
0.475124
0.784173
0.621918
0.316198
0.139989
0.100723
0.582305
0.317119
0.135292
0.108796
0.265652
0.218577
3.208375
0.473379
0.055309
0.521051
1.227764
1.488665
0.783340
0.634772
0.449519
0.822975
0.048716
0.582013
0.045700
0.135365
0.041264
0.111725
1.592843
0.052328
0.239362
0.424322
1.108097
0.048339
0.020769
0.072614
0.160518
0.652161
0.464227
0.358381
1.289764
0.008572
1.004201
1.279102
0.495778
1.761958
0.421803
0.391737
1.260294
0.224009
0.152057
0.359362
0.092128
0.219299
0.111822
0.147605
0.448535
0.163985
0.304284
0.400241
0.238197
0.904851
0.065563
0.157327
1.318665
0.089312
0.259709
0.113482
1.113849
0.005010
0.627142
0.847536
0.013669
0.434366
0.671561
0.533511
0.400403
0.184673
0.111042
0.318025
0.554211
0.309369
2.044606
0.910690
0.847596
0.101454
0.049260
0.262694
0.311123
0.398913
1.603987
0.923352
0.243872
0.043026
0.059505
0.188758
0.141204
0.364217
0.364375
0.074400
0.374653
0.132119
1.546921
0.404024
0.837591
0.591502
0.118014
0.226089
0.001230
0.263303
0.899030
0.557947
1.023081
0.850852
0.357262
0.581105
0.000638
0.463673
0.050397
0.312312
0.083672
0.028519
0.183205
0.388352
0.074189
0.271487
0.963855
0.242197
1.376928
0.232614
0.369269
0.311460
0.463444
0.323954
0.009029
0.269734
0.093468
0.129475
0.758660
0.094952
0.507411
0.477361
0.933258
0.354946
0.283441
0.219961
0.108773
0.284566
1.613350
0.172224
1.143951
0.060746
0.212959
0.114896
0.531358
0.331528
0.489461
0.355658
1.014966
0.411175
1.064360
0.247840
0.012262
0.332014
1.011361
0.021518
1.162256
0.019479
0.157535
0.574222
0.118602
1.191867
0.176876
0.029084
0.269010
0.655890
0.265873
0.472867
0.089948
0.233192
1.166493
0.032624
0.333873
0.143724
0.156306
0.076354
0.663164
1.116298
0.525802
0.462168
0.301976
0.379252
2.562134
0.324641
0.008502
0.989362
0.366674
1.256834
1.151110
0.780238
0.460525
0.058904
0.598264
1.150545
0.091746
0.060438
0.497816
0.433827
0.646331
0.792748
1.526663
0.495043
0.977085
0.289851
1.053016
0.067786
0.435606
0.474445
0.009864
0.132099
0.121696
0.320170
0.721564
0.117915
1.502551
0.758595
0.037275
0.317598
0.601490
1.784261
0.150642
0.179482
0.043289
1.583738
0.112480
0.144226
0.037225
0.891783
0.887871
0.797784
0.493244
0.764945
0.277269
0.332216
0.126399
0.181161
0.473656
0.817201
1.243085
0.499500
0.018908
0.071247
0.055264
0.807029
0.209953
0.028341
0.435652
0.267842
0.372509
0.165153
0.244315
0.769504
0.437212
0.316939
0.679917
0.767048
0.636567
0.843813
0.478962
0.400021
0.473695
0.139478
0.203330
0.019324
0.652562
0.407664
0.209163
0.208576
0.225051
0.149624
1.802839
0.255035
0.248323
0.040318
0.111865
0.662739
0.071114
0.761775
0.080704
0.536253
0.032728
0.383492
0.292825
0.519593
0.002535
0.103237
0.281592
0.645683
0.000798
0.024027
0.161340
0.475756
0.171488
0.470707
0.527423
0.009697
0.091619
2.526287
0.223366
0.377369
0.145331
0.202570
1.325455
0.515941
0.264314
0.069563
0.237398
0.391714
1.214896
0.374375
0.112205
1.850568
0.032339
0.516791
0.485852
0.035044
0.888402
0.026789
0.787019
0.893138
0.052173
0.035527
0.295530
0.246683
0.567397
0.051578
0.262664
0.935212
0.048047
0.732504
0.235649
0.210686
0.053815
0.182081
2.191717
0.359362
0.285556
0.227463
0.028703
0.213126
1.115357
0.148396
0.194564
1.552543
1.156678
1.440439
0.011567
0.658185
2.771263
0.845490
0.415412
0.050004
1.078157
0.005313
0.331409
0.413638
0.057472
1.118595
0.262718
0.111700
0.542600
0.767423
0.392696
0.722398
0.047008
0.379192
0.162057
0.372047
1.136914
0.202199
1.027407
0.779446
0.445097
0.107982
0.682874
0.337158
0.074337
0.729816
0.125764
0.072070
0.437742
0.772524
0.130296
0.315169
0.797936
0.625895
0.015410
1.181448
0.467290
0.289064
0.056058
0.156955
0.126520
0.525080
0.017100
0.187926
0.100260
0.185861
0.910485
0.041027
0.515115
0.618963
1.014027
0.132308
1.173011
0.474948
0.641857
0.021663
0.239742
1.453693
0.097178
1.665416
0.658533
0.260471
0.282663
0.376818
0.063943
0.310111
0.285643
0.649683
1.157465
0.389636
2.858560
0.066646
0.106212
0.015401
0.288203
0.233463
0.208353
0.161632
0.300604
2.063243
2.142707
0.193022
0.121902
1.105837
1.355112
1.401340
1.350664
0.188712
1.080258
0.057996
0.163289
0.479618
0.362378
0.619691
0.079007
0.504757
0.094741
0.435377
0.225414
0.038353
0.065410
0.222839
0.110716
0.188440
0.247101
0.506284
0.580895
0.656016
1.220534
0.074787
0.626911
1.147131
0.307338
1.336442
0.779484
0.249335
1.021265
0.641022
0.613856
0.703319
0.892042
2.121983
0.232487
0.213554
0.595506
0.364917
2.043493
1.015129
0.052333
0.212408
1.428307
0.125514
0.611611
0.076090
0.383936
0.050276
0.752270
0.126206
0.875470
0.586904
0.224709
0.389328
0.445771
0.860702
0.319258
0.238715
0.120302
0.209446
0.053879
1.268427
0.051160
1.360597
1.185081
0.316598
0.165511
0.461432
2.176008
0.153956
0.318685
0.045233
0.472255
0.267095
0.184441
0.190520
0.404865
0.930536
0.265950
0.202410
0.034980
0.136496
0.012001
0.280682
0.756788
0.475561
0.144344
0.145045
2.504076
0.312373
0.450735
0.050171
0.243463
0.587671
0.015062
0.172671
0.087412
0.186610
1.125199
0.079799
0.429609
0.227823
0.133292
0.103904
0.756650
0.390991
0.351080
0.203864
0.244692
1.244447
0.550923
0.303086
0.084742
0.587949
1.077664
1.372705
0.182030
0.072449
0.103870
0.177244
0.457511
0.760734
0.250388
2.099158
0.320178
0.275489
0.162174
0.501592
0.664202
0.094156
0.758894
0.186698
0.385668
0.007461
0.345818
0.190940
0.407447
0.001869
0.528155
1.443969
1.267439
0.192836
0.254475
0.039862
0.005765
0.166346
0.006242
0.190349
0.270555
0.111564
0.477364
0.008772
1.997598
0.004532
0.001186
0.303019
0.283378
0.163815
0.045938
0.091804
0.299841
1.014699
0.326334
2.237923
1.074491
1.921913
0.182673
0.290544
2.017623
1.588702
0.243082
1.166766
0.163082
0.765992
1.947957
0.171088
0.034623
2.419259
0.466201
0.331601
0.106639
0.125178
0.348770
0.095377
0.131006
0.351156
0.494641
0.544037
0.766080
0.629282
0.888554
0.133904
0.439165
0.185690
0.126521
0.315482
0.170406
0.377094
1.196427
0.158127
0.334632
0.173823
0.095685
0.726702
0.040358
0.083528
0.028817
0.078004
0.078871
0.542941
0.496112
0.206243
1.076532
0.070459
0.358374
0.060728
0.505303
0.075306
0.751428
0.272306
0.968127
0.468731
0.531930
0.290160
1.254178
1.053691
1.194078
0.116221
0.262168
0.848678
0.325552
1.131522
0.058539
0.528787
0.542641
0.104145
0.821370
0.633274
0.202090
1.523299
0.239497
1.631477
0.171581
0.153579
0.048897
0.810096
0.238080
0.653126
1.423291
0.085004
0.080730
0.799037
0.723494
0.814767
0.135901
0.574932
0.573518
0.079027
1.106943
0.047417
1.648805
0.230427
2.150398
0.038177
0.011101
0.522966
0.151595
0.881611
0.228510
0.450723
0.759315
0.688026
0.405675
0.037074
0.005982
0.523353
1.034170
0.247745
0.237467
0.845222
0.396010
0.374514
0.475023
0.186833
0.201100
0.952815
2.660569
0.006835
2.989161
1.085067
0.054937
1.615671
0.147248
0.047427
0.017300
0.162208
0.671867
0.175169
0.055778
0.056004
1.101673
1.088184
0.959987
0.294672
1.585191
1.002283
0.049478
0.890757
0.147864
0.319605
0.520898
0.812479
3.766858
0.150861
0.061012
0.200701
0.059238
0.058259
0.210946
0.057814
2.739128
0.297328
0.036118
0.144452
0.386899
0.054739
0.375353
0.162777
0.254786
0.501913
0.242121
0.170410
0.367060
0.135396
0.662361
0.325125
0.054074
0.881119
0.185316
0.221985
0.178788
1.571897
0.088127
0.178406
0.122527
0.161806
0.498093
0.199541
0.244250
1.842640
0.288356
0.240858
0.275093
0.354584
0.501461
1.633767
0.472917
0.087868
0.137069
0.005475
0.791607
0.488561
0.178127
0.188992
0.986037
0.017207
0.787139
1.653009
0.990858
0.054096
0.194196
0.088845
0.030632
0.330291
0.310780
0.162009
0.713388
0.049142
0.465482
0.079130
0.035489
0.022543
0.376078
0.338318
0.401516
0.088276
0.302180
0.089370
0.195046
0.591020
0.095924
0.062606
0.190597
0.321486
0.283212
0.097878
0.354740
0.127634
0.076066
0.231230
0.198627
0.310859
0.380783
0.244909
1.463372
2.755680
0.545360
0.612678
0.046918
0.157254
0.957708
0.086039
0.188393
0.240124
0.524572
1.004838
0.391771
0.054538
0.015046
1.005776
0.796501
0.114211
2.064769
0.060317
0.567353
0.269234
0.172252
0.103256
0.513122
0.283305
0.406924
1.744787
1.129444
0.047109
0.220610
0.922460
0.044894
0.010496
0.397379
0.096454
0.171686
0.256271
0.202880
0.463881
0.762546
2.045921
0.317940
0.196976
0.045307
0.346748
0.106493
1.074140
0.609349
0.096636
2.897337
0.241336
0.448367
0.170109
0.421347
0.133124
0.638162
0.067510
0.113599
0.479172
0.121811
0.410473
0.306645
0.179834
0.434654
0.003383
0.324598
1.025462
0.261932
0.833173
0.323081
0.105466
0.790802
1.463816
0.362612
1.064252
0.295883
0.614845
0.722598
0.081869
1.074326
0.716182
0.381682
0.322616
0.025458
0.054548
0.617576
0.736100
0.130459
1.217748
0.244738
0.295181
0.319737
0.933736
0.689093
0.027328
0.956048
0.127768
1.292295
0.150554
0.018624
0.255846
0.299075
0.888685
0.213086
1.690059
0.622228
0.789081
0.559775
0.323325
1.447325
0.407016
0.135549
0.325605
0.016464
0.169207
0.436066
0.676625
0.029705
0.834585
0.530725
0.294152
0.148846
0.067610
0.171399
0.002725
0.099022
0.076836
0.131289
0.055041
0.257458
0.155643
0.351354
0.957376
0.051800
0.954440
0.853465
0.831198
0.518382
0.338786
0.168800
0.445898
0.025164
0.371145
0.035569
0.042493
0.833209
0.525779
0.866016
1.015354
0.310138
0.324203
0.188067
0.635901
0.462664
0.462801
0.645688
0.764538
0.685515
1.562251
1.092414
0.080439
0.126503
0.249005
0.000613
0.194268
0.139867
0.856854
0.070935
1.100982
0.186951
0.271318
0.326479
0.223955
1.430279
0.397216
0.292158
0.700888
0.110804
0.154343
0.487222
0.540839
0.678776
1.375117
0.239540
0.212560
0.388041
0.055888
0.069386
0.168400
0.031894
0.008612
0.285069
0.167970
0.263255
0.286153
0.467335
0.529722
0.147576
0.672674
0.391280
0.419128
0.086187
0.011257
1.319551
0.053292
0.422478
0.231882
0.965305
0.733089
0.506230
0.324602
0.281207
0.238523
0.266898
0.832516
0.646757
1.533288
1.241879
0.966436
0.136803
1.916781
1.029208
0.560307
0.153060
0.165421
0.058097
1.023915
1.366935
0.227285
0.471492
0.324851
1.350154
0.732393
0.346634
0.988045
1.020004
0.036546
0.132294
0.645333
0.915286
1.016865
0.113106
0.157250
0.142869
0.478656
0.042050
1.829365
0.421400
2.944836
0.884518
0.827386
1.856580
0.605074
0.329648
0.136759
2.053043
0.448836
0.058428
1.253948
1.582216
0.637954
0.252388
1.106267
0.336374
1.133702
0.697096
0.222884
1.704165
2.081659
0.044186
0.821450
0.960698
0.169159
0.039753
0.053869
1.167081
0.085447
0.039723
0.319902
0.083808
1.181566
0.165273
0.069585
0.467892
0.722500
0.230400
0.447326
0.220601
0.326490
0.356481
0.188802
0.111779
1.183133
0.114754
0.585634
0.811233
1.573772
0.025486
0.733736
1.419250
0.072094
0.429098
0.792578
0.273491
0.528498
1.137591
0.196088
0.829290
1.817083
0.797323
1.660893
1.057925
0.040870
0.049265
0.333926
0.924936
0.310929
0.040844
0.111247
1.428525
0.443671
0.360751
0.077096
0.341025
0.634796
0.894639
0.176206
0.563655
1.071141
0.034408
0.480622
0.008516
0.514416
0.266082
0.288300
0.174834
0.185452
0.719024
0.055281
0.166677
0.410068
0.035523
0.088937
0.508217
0.088615
0.525116
0.327791
0.491037
0.652052
0.570248
0.419698
0.190510
0.108033
0.620528
0.833682
1.223064
0.392456
0.057293
0.445151
0.277958
0.096045
0.115998
0.292902
0.850074
0.483422
1.066573
0.059629
1.326838
0.516616
0.122368
0.119822
0.113936
0.168205
0.235838
0.922236
0.297178
0.013268
0.194858
0.038197
0.702783
0.001548
0.513021
0.037150
0.109954
0.217317
1.072206
0.058705
1.133313
2.362457
0.602400
0.194889
0.090699
1.189190
0.726503
2.044357
0.374349
0.521594
0.050275
0.304979
0.172525
0.187529
0.553904
0.342182
0.456174
0.023421
0.205852
0.023809
0.037334
0.539745
0.063945
0.876424
0.544314
0.716960
1.142998
0.985669
0.060590
0.759776
1.779093
0.005260
0.739905
0.557001
0.202675
1.392045
0.432629
0.052342
1.272035
0.056067
0.687303
0.008631
0.413570
0.019826
0.200137
0.132256
0.382284
1.317519
0.162990
1.027650
1.840168
0.215491
0.379832
0.049819
0.097308
0.108766
0.970582
0.039077
0.028935
1.763196
0.970248
0.014065
1.983074
0.495354
0.601146
0.188665
0.418394
0.163248
0.266963
0.335062
0.242764
0.087631
0.352073
1.471847
0.111346
0.901916
0.099072
0.662325
0.721151
0.306179
0.465765
0.670474
0.825283
0.074381
0.895595
2.096813
0.203026
0.585111
0.030983
0.247109
0.539833
1.241173
0.270376
0.512697
0.393882
0.062320
1.557882
0.059414
0.251874
0.230508
0.458640
0.757895
0.377638
0.055949
0.650416
0.654218
1.416788
1.189966
0.311681
0.610076
0.227358
0.036237
0.292790
0.095236
0.116683
0.161797
0.086189
0.390292
1.693023
0.123222
1.342760
0.492350
0.072442
0.215011
0.155846
0.569745
0.314326
0.126446
0.785248
0.991804
0.449233
0.249163
0.514721
0.065581
0.344894
0.231405
0.957584
0.289477
0.162817
0.190297
0.077935
0.515435
0.244251
0.442817
0.848410
0.451431
0.997563
1.845921
0.073354
0.886453
0.107525
0.035355
0.304964
0.199029
0.270447
0.644409
0.004215
1.079083
1.476841
0.805852
0.686968
0.388981
0.107157
0.246890
0.544703
0.587569
0.713919
0.363110
0.070056
0.019425
0.894314
0.160839
0.571922
0.123760
0.992489
0.344719
0.840624
0.648446
0.320483
1.501001
0.406846
0.549379
0.009378
0.006741
2.658504
0.286664
0.669315
0.001747
0.193432
0.578621
0.814668
0.035055
0.128290
2.879534
0.305685
1.103139
0.582487
0.122673
0.260570
0.854099
0.147636
0.136539
0.049290
1.382933
0.306460
1.567421
0.285660
0.158790
0.574606
1.195364
0.125774
0.137149
0.428012
0.137867
0.146037
0.422270
0.565576
2.359855
0.426344
3.147812
0.564634
0.237144
0.034067
1.166714
0.234617
0.370389
0.787343
0.032316
0.675123
0.111000
1.065981
2.826622
0.288172
1.849922
1.355821
1.133051
1.342406
0.230061
0.092187
0.477099
0.162332
0.247788
0.964733
0.956566
0.499517
0.057179
0.274634
0.184883
0.052205
2.807868
0.183550
0.747773
0.234228
0.233503
0.568018
0.690257
1.133513
0.319176
0.833371
0.506956
0.555731
0.589696
0.502148
0.057690
0.551019
0.418820
0.002636
0.457612
1.374927
0.095358
0.120687
0.119950
0.415531
0.035870
0.033966
0.109189
0.097574
0.335011
0.351884
0.161780
0.331467
0.837098
0.026861
0.978418
0.102691
0.656923
0.467286
0.042803
0.113484
0.270973
0.635141
1.035643
0.058783
0.217662
2.035794
0.754176
1.264207
2.220137
0.237648
0.969935
0.088274
0.449165
0.036054
0.647778
0.542321
0.072655
1.278303
0.913999
0.488483
0.279058
0.061477
0.057263
0.137386
0.091962
1.704213
0.277493
1.147388
0.426837
0.354601
0.053943
2.448915
0.128875
1.870012
0.054604
0.433936
1.599490
1.069306
0.346944
1.472553
0.150877
0.220532
0.057843
0.959447
0.277753
0.902418
0.362018
0.412156
0.709266
0.218844
0.102291
0.102680
0.317598
0.173521
0.277476
0.508289
0.150641
0.954663
0.385430
0.898738
0.222974
0.510347
0.876714
0.442147
0.478429
1.331610
0.091451
0.427948
0.836877
0.550590
0.369597
0.037868
0.012233
0.499491
1.302990
0.299271
0.314846
0.291141
0.005961
0.127559
0.794451
0.109615
0.264512
0.154636
0.336758
0.906146
1.172683
0.693583
0.583243
0.291316
0.439138
0.024765
0.042359
0.264938
0.504365
0.597226
0.208970
0.810930
0.158884
0.083652
0.317430
0.791714
0.128735
0.340767
0.277977
0.083124
1.446111
1.120837
0.451369
1.566329
0.063289
0.247470
0.083182
0.377208
0.534154
0.515499
0.228196
0.411171
0.250081
0.028272
0.001087
1.909912
0.054516
0.043542
0.246649
0.670884
0.758271
0.656501
0.389446
0.027101
1.081610
0.005569
0.940257
0.059415
0.351838
0.160078
0.154082
0.298722
0.091771
0.982155
0.260591
0.168841
0.143934
0.409858
0.847204
1.185165
0.113320
0.100891
0.314757
0.453615
0.135709
0.316799
0.427160
0.208517
0.402286
1.659598
0.041483
0.202671
0.593405
0.484720
0.243888
0.433575
0.499539
0.132959
0.588655
0.073680
0.354092
1.574427
0.441913
0.562189
0.848714
2.479695
1.631452
0.034667
0.401957
0.752573
1.815976
0.703695
1.618805
0.290521
0.216607
0.110601
1.204002
1.301887
0.387663
0.310624
1.102840
0.482562
0.794763
0.439294
0.137066
0.100439
0.089853
1.026106
0.268488
0.970282
0.004302
1.281640
0.839597
0.452389
0.455768
0.497561
0.443792
0.410282
0.597518
0.075863
0.206118
0.555610
1.131663
0.177320
0.059126
0.142227
0.343601
0.010884
0.095326
0.018573
0.331075
0.032752
0.532873
0.164416
0.522114
1.128317
0.310157
0.837041
0.728031
1.050684
0.552663
0.746749
0.806370
0.329250
0.231639
0.254375
0.059783
1.598721
1.591867
0.830370
0.052631
0.175773
0.327776
2.749189
0.451903
0.448699
0.139514
0.048252
0.475835
0.269837
0.068746
0.051661
0.327412
0.766210
0.237729
0.068771
0.568602
0.918245
1.415304
0.295415
0.633518
0.470702
0.125224
0.365938
0.048417
0.448649
1.248977
0.114699
0.400882
1.045014
0.007551
0.526878
0.094804
0.342424
0.521041
0.729846
0.046170
1.107111
0.981937
0.605513
0.183957
2.217506
0.805398
0.776269
0.739496
0.098416
1.243212
0.300210
0.009742
0.975316
1.139197
0.669000
0.315308
0.063405
0.148277
0.410523
0.621407
0.095805
0.724119
0.152511
0.026009
0.757075
1.228254
0.126418
0.161370
0.412251
2.360687
0.226312
0.301021
0.951178
0.034221
0.713832
0.912953
1.006540
0.397503
0.472167
0.023071
0.312945
0.032258
0.033278
0.195064
1.609828
0.809793
0.782152
0.041218
0.030217
0.216003
0.781656
0.132644
0.061542
0.027466
0.166829
1.130799
1.716610
0.353731
0.094162
0.376729
0.344780
0.383610
1.996946
0.214613
0.460463
0.676824
0.104075
0.315813
0.171333
0.802167
0.360123
0.703942
0.988285
0.431087
0.040806
0.861549
0.238837
1.016799
1.154390
0.288500
0.124187
0.587493
0.556508
0.204542
0.682516
1.552054
0.131695
0.622996
0.310173
0.258097
0.138278
1.615037
1.397708
0.126274
0.185121
0.389091
1.674556
0.343928
0.004537
0.147192
0.175719
0.369492
0.005202
0.085857
0.052768
0.046452
1.938048
0.326899
1.583324
1.059657
1.252673
0.097878
0.423222
0.445539
0.360289
0.189672
0.393643
0.683417
0.014218
0.003595
0.080260
0.157111
1.714942
0.045625
0.339449
0.162202
0.494391
0.305976
0.744472
0.506682
0.623646
0.036669
0.086822
0.641991
0.129706
0.150257
0.835089
0.116447
0.672567
0.734060
0.045865
0.536250
1.472790
0.537513
0.142267
0.308980
1.832604
0.786448
0.115364
0.001219
0.804021
0.218744
0.158782
0.729067
0.291299
0.723879
0.022693
0.036030
0.125908
0.853968
0.612989
1.369231
1.101252
1.004711
0.537054
0.062764
0.067049
0.317613
0.197063
1.001209
0.137104
0.266688
0.369951
0.103669
0.037411
0.735870
0.522363
0.023804
0.413946
0.962951
0.025082
0.225298
0.116976
0.193572
0.069678
0.525132
0.044913
0.095854
0.635911
0.184462
2.496383
0.277745
0.139759
1.071455
0.172756
1.162672
0.000328
0.270332
0.232954
0.197549
0.166082
0.473711
0.673086
0.818584
0.803508
0.835273
0.428945
0.296856
0.977189
0.074816
0.179756
1.189058
0.348303
0.357270
0.129568
0.499575
0.087615
0.188579
0.820619
1.061870
0.487376
0.803403
0.183092
1.007077
0.573104
0.456608
0.732273
0.574136
0.008272
0.076140
0.004622
0.177650
0.700221
0.691086
0.055191
0.402629
0.411426
0.570423
0.000377
0.271649
0.855808
0.180296
0.197593
0.193679
0.839176
0.404534
1.528376
1.825896
1.015969
0.711935
0.963693
0.338276
0.409007
0.087830
0.221739
0.137780
0.713278
0.067919
1.286335
0.748663
0.156170
1.350564
0.039148
0.011010
0.572596
0.099114
0.427606
0.138972
0.984015
0.428493
0.542104
0.569240
1.053084
2.223042
0.000423
0.588204
0.391539
1.537456
0.547814
0.265447
0.624182
0.367133
1.169386
0.158534
0.571658
0.151739
0.359306
0.290897
0.246141
0.286564
0.122552
0.535067
0.230312
0.173141
0.567873
0.026146
0.319807
0.146263
0.173793
0.202312
0.883586
1.555444
0.006273
0.614614
1.438657
0.006701
0.254661
0.333464
1.707442
0.033480
1.144528
0.569945
0.439630
0.810229
1.516870
0.154725
0.033041
0.312218
0.614226
0.301393
1.154690
1.292688
0.058128
0.157210
0.122515
0.776932
0.193373
0.585308
0.021556
0.476405
0.011428
1.025445
0.421732
0.017846
0.432396
0.360256
0.024793
1.907398
0.000107
0.007809
0.021832
1.145583
0.594776
0.493940
0.603728
0.521362
1.121142
0.724061
0.059360
0.459446
0.122761
0.006351
0.372927
0.198345
0.165928
0.679322
0.061665
0.462092
0.283535
0.086120
0.122623
0.303862
0.015025
0.773869
0.337138
0.468838
0.178887
0.387018
0.441454
0.179039
0.404109
0.495974
0.111468
0.143835
0.148382
1.155695
1.138938
0.081592
0.548106
0.004743
0.696367
1.075230
0.011155
0.162364
0.118511
0.181542
0.010237
0.198045
1.190901
0.301728
0.332063
0.066826
1.195670
0.361679
1.217351
0.254554
0.065820
0.119855
1.388860
0.618531
0.360903
0.338803
0.206933
0.625811
0.677707
0.452789
0.477043
0.510351
0.685718
0.164740
0.523627
0.344440
0.089725
0.556096
0.746133
0.235240
1.857286
0.793359
0.605921
1.073861
0.142833
0.103899
0.004195
0.085382
0.606184
1.267455
0.405905
0.873921
0.071863
0.340379
0.383520
0.522064
2.132039
1.037826
0.224678
0.651151
0.317644
1.881748
0.229237
0.121976
0.148866
0.008498
0.626471
0.273892
0.582400
0.336157
0.797441
0.544800
0.167651
0.345993
0.395820
0.381103
0.580852
0.405126
0.586145
0.246784
0.323118
0.141374
0.121295
0.470626
0.673645
0.695193
0.149110
0.647298
0.491144
0.483560
0.302647
0.050332
0.453939
0.862533
0.187157
0.962486
0.912217
0.013467
0.161406
0.374019
0.362886
0.037878
0.105580
0.807044
0.424757
0.668284
0.203452
0.150164
0.173015
0.012472
0.523457
0.731573
0.157989
0.998974
0.237692
0.005521
0.477786
0.505598
0.667749
0.137847
0.147884
0.106015
0.205278
0.957509
0.006491
0.523423
0.613418
0.953884
0.562784
2.027700
0.237644
0.106338
0.028618
0.420417
2.447045
0.494440
0.182572
0.197858
1.092097
0.456163
0.216498
0.384380
0.228567
0.486909
0.256079
0.683754
0.501664
0.008170
0.240209
0.231268
0.148638
0.507386
0.412055
0.450553
0.336845
0.426977
0.139088
0.109674
0.277442
1.252765
0.098999
0.815216
0.058238
0.134108
0.233248
0.054048
0.994854
0.567702
0.280411
0.694542
0.162255
0.758649
0.169213
0.516446
0.257968
0.582228
0.246560
0.018540
0.608892
0.736488
0.261041
1.625649
0.262355
1.722434
0.405015
1.143597
0.390840
0.799723
0.050135
1.724520
0.630024
0.160816
0.740037
0.875237
0.356974
0.078434
1.320896
0.233849
0.868327
0.221604
0.066340
0.053242
0.074670
0.264973
0.683313
0.390204
0.052275
0.072118
0.431591
0.813254
1.177332
2.096486
0.723365
0.187963
1.528694
0.192697
0.118999
0.341948
0.062673
0.183509
0.311416
0.898389
0.436421
0.134565
0.540105
0.048548
0.239938
0.444876
0.313762
0.114726
1.471275
0.446217
0.182671
0.044958
0.000853
0.026213
0.494126
0.053223
0.102524
0.115308
1.173586
0.047412
0.105888
0.552852
0.258601
0.077651
2.247660
0.478049
0.509710
0.056387
1.280763
0.054223
1.413543
0.351650
0.206796
0.459762
0.455131
0.636248
0.105690
0.032893
1.294461
0.074135
0.530676
0.131293
0.126669
0.533146
0.165654
0.953812
0.706715
0.314999
0.029622
0.540957
0.408080
0.142760
0.200295
1.630998
0.248971
0.192034
0.430545
0.015960
0.277181
0.346685
0.072044
0.228150
0.002588
0.320199
1.715848
0.461587
0.107083
0.086107
0.548926
0.062603
0.175491
0.193144
0.214335
0.366775
1.867827
0.497992
0.232103
0.659945
0.051597
0.280085
0.250346
0.533444
0.565461
0.643613
0.480658
0.036008
0.021913
0.108400
0.053181
0.315971
0.593756
0.133998
0.900354
0.602292
0.615512
0.810973
0.180432
1.155269
1.618109
1.742397
0.009325
0.148322
0.171080
0.228723
0.749150
0.154560
3.046763
0.080000
3.339496
0.050347
0.429890
0.249310
0.696585
0.146521
0.061987
0.230481
0.195406
0.086865
0.415323
0.276165
0.494320
0.150048
0.538644
0.310633
1.602441
0.229029
0.154093
0.152152
0.156179
0.128033
0.131789
0.168967
0.329471
0.368516
0.530456
0.149939
0.774115
0.527206
0.261236
0.771167
0.687961
2.058054
0.098464
0.345681
0.135708
0.175025
1.014107
0.411849
0.303323
0.283400
2.119843
0.043183
0.588690
0.517918
0.394253
0.526846
0.006319
0.832208
1.225048
0.164836
0.018648
0.078571
0.419200
0.366162
0.549635
0.125166
0.753218
0.302808
1.032023
0.102436
0.137469
0.484390
0.092527
0.271615
0.063667
0.260979
0.626719
2.210996
1.718464
0.092745
0.272926
1.533341
0.145205
0.059711
0.456267
0.798557
0.721789
0.472157
0.468526
0.566033
1.112320
0.517575
0.865947
0.307623
0.089585
0.336610
0.571203
1.426578
1.442977
0.403730
0.068246
0.102025
0.095861
0.175863
0.462805
0.174087
0.607298
0.191501
0.165652
0.555859
0.334219
0.606449
0.489657
0.672642
0.844329
0.126110
0.385073
0.432741
0.897822
0.078487
0.148385
0.647082
0.780563
0.041601
0.102508
1.541050
0.421720
1.006133
1.133972
0.360743
0.272644
0.012178
0.599575
0.451673
0.193265
0.179954
1.098270
0.012023
0.484383
0.093663
0.593339
0.057111
1.033725
0.192242
0.940210
0.583539
0.390578
0.242683
0.155903
0.235885
0.377301
0.371863
0.053780
0.192760
0.463797
0.169376
0.160130
0.095743
0.083415
0.093475
0.582759
0.426635
0.108194
0.244523
0.092424
0.361975
0.584059
0.029653
0.387099
0.185167
0.129650
0.133086
0.270158
0.053738
0.402476
0.153882
0.781816
0.049918
0.524111
0.030141
0.318494
0.098763
0.437529
0.425595
0.345718
0.103917
0.984613
0.741807
0.224651
0.007096
1.438514
0.025734
0.443453
0.074409
0.287197
0.707021
0.529852
0.067339
0.842145
0.106824
0.285907
0.021888
0.277615
0.958443
0.078171
1.930437
0.062694
1.369457
0.038421
0.728971
2.546581
0.393818
1.464286
0.430220
0.062881
0.294998
0.723410
1.922410
0.123496
0.067686
2.459997
0.088698
0.097263
0.434671
0.178928
0.475609
0.205953
1.542478
0.673022
0.082460
0.079284
0.096326
0.108376
0.425129
0.014286
0.207458
0.401086
0.078920
0.160767
0.491229
1.222643
0.156551
0.093581
0.982433
0.934911
0.170447
0.182278
0.471486
0.155630
0.371536
0.668068
0.150672
0.580618
1.226214
0.919266
2.200210
0.375012
0.098350
1.423620
0.155562
0.200688
0.046404
0.292244
0.372717
0.541360
0.318171
1.001520
0.119746
0.479584
0.075434
0.911883
0.377604
0.262855
0.004659
0.247077
0.146993
0.177011
0.594392
1.002146
0.416914
0.124075
0.461135
0.873757
1.185748
0.363146
0.549420
1.123986
0.022470
0.933154
0.905112
0.186491
0.096736
1.295227
0.701072
0.604290
0.441357
0.127257
0.417879
0.803007
0.920986
0.612928
0.507914
0.232276
0.061286
0.520887
0.716684
0.231074
1.453062
0.305235
0.134146
0.357624
0.564529
0.909154
0.205281
0.437720
0.218478
0.001736
0.324764
0.253704
0.944483
0.188505
0.617679
0.012495
0.136630
0.311065
0.647420
0.872759
0.582227
0.173018
0.490094
0.376876
3.457255
0.152351
1.156245
0.060725
1.203021
0.543067
0.331246
0.965998
0.063568
0.636037
0.227909
0.794935
0.407601
0.606664
0.238509
1.212096
0.612529
0.972724
0.185095
0.404876
0.093869
0.009421
0.433406
0.264047
0.328761
0.182475
0.134409
0.093029
0.456003
0.984762
0.600616
0.454768
0.065700
0.458348
0.621796
0.016759
0.152342
0.109133
1.095088
0.240657
1.237509
0.146631
0.098054
0.320551
1.572895
0.407596
0.242854
0.544172
0.267664
0.592306
0.123115
0.440570
0.623790
0.799665
2.755953
0.108250
0.054761
0.131774
0.226625
0.605364
0.048341
0.032866
0.177844
0.121220
0.544995
0.005511
0.142677
1.304713
0.115998
0.073296
0.184411
0.065561
0.247581
0.333281
0.453390
0.213468
0.022485
1.979452
0.005390
0.306703
0.562044
0.130020
0.022596
0.245391
0.013658
0.020488
0.436759
0.070024
0.158608
1.468367
0.893994
0.226265
0.005318
0.070789
0.432884
0.560980
0.077144
0.878746
0.459124
0.215411
1.660419
1.199737
0.320196
0.218792
0.251894
0.035797
0.605164
0.289675
0.025651
0.623478
1.142536
0.645599
1.420220
1.427283
0.059905
1.729628
2.024687
0.594429
0.052253
0.146778
0.514160
1.343644
0.481659
0.529174
0.033042
0.110104
0.198251
0.115917
0.012746
1.316329
0.407032
2.257126
0.908069
0.015158
0.210381
0.132706
0.052099
0.023207
0.558664
0.080648
0.709358
0.423243
1.035810
0.601279
0.360259
2.168703
0.551494
0.342655
0.573419
0.729117
0.694067
0.196338
0.600801
0.230094
1.902138
0.720343
0.417912
0.181962
1.755891
0.447820
0.132744
0.374439
0.434587
0.036562
0.407052
1.289535
0.180934
0.533435
1.745168
1.874793
0.817059
0.650030
0.396542
0.567992
0.278487
0.031498
0.548043
0.050011
0.407227
0.213997
0.992195
0.183780
0.558802
0.412567
0.564145
0.525858
0.196564
0.139128
1.558583
0.174931
0.899546
0.104673
0.863878
0.268288
0.150148
0.238438
0.207310
0.413941
0.017916
0.184748
0.387720
0.916517
0.018541
0.045538
0.365909
0.311309
0.080146
0.102155
0.408953
0.610769
0.380686
0.273382
0.006442
0.115281
2.037373
0.584329
0.970970
0.184129
1.344955
0.836434
0.462257
0.727638
0.000589
0.277209
0.100396
0.150944
0.817055
0.368367
0.867514
0.916512
0.886693
0.225574
0.569941
1.007370
0.299060
0.111016
0.200319
0.455975
0.242173
1.097997
0.180832
1.243704
0.185483
0.190107
0.065503
0.173317
0.002758
1.940303
0.459394
1.387207
0.784277
0.114250
0.609167
0.787111
0.496946
1.086632
0.027444
0.285235
0.261719
1.047844
0.160662
0.135748
0.137296
1.550042
0.055135
0.586033
0.083656
0.285035
0.170213
0.386057
0.195239
0.448264
0.303337
0.501468
1.194622
0.430933
1.302755
1.225554
0.407079
0.374469
0.953302
0.214348
0.657276
0.405621
0.076269
0.224138
0.291598
0.108384
0.794848
0.946589
0.037306
0.036728
0.045603
0.186994
0.013058
0.106335
0.001146
0.099130
0.491871
0.171824
0.632582
1.491481
1.072097
0.094762
0.436803
0.783042
0.693693
0.355341
0.610289
0.183551
0.018240
0.406367
0.533415
0.728847
0.059420
0.798201
0.068769
0.403649
2.430564
1.291890
0.258209
0.033153
2.683911
0.337177
0.235939
0.010670
0.572996
0.237777
0.112170
0.184216
0.553242
1.255199
0.148893
0.401613
0.047931
0.916591
0.210231
0.921579
0.214459
0.024699
0.080639
0.242749
0.463870
0.816985
0.082341
0.630454
0.460931
0.164486
0.157726
0.451293
0.114611
0.560256
0.537403
0.111687
0.089804
0.017713
0.125064
0.937007
0.266592
0.274312
0.084018
0.043077
0.208531
0.265698
0.503469
0.283196
0.145385
1.906557
0.160181
0.459521
0.013232
0.275006
2.124037
0.498034
0.129323
0.073986
0.213299
0.886352
0.270541
0.480927
0.276352
0.487398
0.172446
0.043457
0.865562
0.304500
0.062810
0.022610
0.180198
0.378913
0.314118
0.305577
0.475781
0.823798
1.018159
0.142860
0.137164
0.064943
0.128381
0.360805
0.641693
0.145554
1.383013
0.616548
1.073800
0.090158
0.935909
0.131014
2.661280
0.153289
0.943013
0.272129
1.089161
0.075429
0.349554
0.618391
0.453338
0.485138
0.701001
1.145005
0.082636
0.124464
0.220036
0.726645
0.014124
0.127770
0.007418
0.155830
0.213323
0.137991
0.761174
0.036397
0.340351
0.634504
0.754386
0.236584
1.076576
0.490381
0.467590
1.055991
1.099170
0.304230
0.177431
0.747567
0.452974
0.808989
0.332246
0.106582
0.274716
0.136798
0.047546
0.427904
0.307839
0.295947
0.208713
0.334303
0.557711
0.220018
0.703959
0.009861
0.454608
0.385175
0.047010
0.047649
0.147883
1.014581
0.315436
0.075365
0.340144
0.039174
0.009552
0.241072
0.378757
0.191108
0.086180
0.067916
0.063549
0.516114
0.192087
0.390525
1.073426
0.263560
0.062291
0.209940
0.970429
0.306609
0.887309
0.376069
0.842030
0.440703
0.397225
0.265124
0.065595
0.507926
0.349019
0.238201
0.353076
1.758515
0.365848
5.712810
0.023373
0.385911
0.241063
0.430002
0.967175
0.389193
0.608444
1.841141
0.102064
0.011551
0.363776
0.035099
0.283287
0.502622
0.264380
0.170509
0.048497
0.137953
0.850764
1.186613
0.876988
0.227668
0.191628
1.496510
0.001839
0.859630
0.199382
0.356809
0.782982
0.941142
0.356798
0.906340
0.243545
1.115837
0.266896
0.137923
0.284144
0.062483
0.121612
0.481360
0.075591
0.659904
0.579081
0.425302
0.228530
0.050796
0.989514
0.307443
0.206031
0.568768
0.227946
0.089942
0.023104
0.576765
0.060800
0.025031
0.351882
0.292908
0.409310
0.175768
0.172025
0.035792
0.071461
0.564578
1.631580
0.395712
1.249078
0.251460
0.545729
0.071743
0.006738
0.816308
1.006757
0.600857
0.236946
0.132855
0.794629
0.136707
0.589862
0.071727
1.254273
0.030275
0.177105
1.658946
0.679793
0.266170
0.006340
0.142851
0.969382
0.423802
0.393626
0.079629
0.511717
0.566733
0.868403
0.461122
0.127372
0.676781
3.018657
1.099826
1.041120
0.005529
0.591661
0.677070
0.619487
0.036913
1.847852
0.352854
0.185813
0.551019
0.510661
0.130034
0.648337
1.391559
0.107075
0.317244
0.216103
0.114940
0.633467
0.115993
0.750139
0.152728
0.218685
0.270276
1.417631
0.098120
0.010074
0.090870
1.262037
0.008858
0.028465
0.792902
0.014486
0.691311
0.385066
0.671377
0.858084
0.358943
0.140596
0.069995
0.099240
1.081401
0.222858
1.185349
0.866233
0.401935
0.236105
0.095627
0.708952
0.049736
0.239922
0.382548
0.221503
0.664745
1.521239
0.177762
1.224232
1.791911
0.313095
0.896204
2.292185
0.367730
0.495316
0.009258
0.157215
0.090585
0.707801
0.047178
0.566483
0.001170
0.124664
0.975781
1.091664
0.434120
0.723091
0.619776
0.071195
0.075941
1.079517
1.105897
0.134328
0.154408
0.276872
0.450074
0.000536
0.236998
1.115988
1.230472
0.215177
0.221629
0.689336
0.207387
1.055049
0.236400
0.221472
0.080419
0.390936
0.061127
0.136305
0.124471
0.062449
0.307433
0.040780
0.002379
0.020201
0.925295
0.628043
0.094561
2.060314
0.457891
0.032435
0.123820
1.003023
0.334732
0.837923
1.007023
1.003120
0.611296
0.759794
0.121181
0.032852
0.376751
0.404546
1.426827
1.182392
1.218597
0.047670
0.297540
0.014030
0.199901
0.552602
0.078376
0.777553
0.687538
0.081160
0.881381
0.445842
1.001480
0.000372
0.426424
0.312615
0.032832
0.787906
0.200494
0.401002
0.465716
0.109634
0.269851
0.186652
1.910459
0.500251
0.235112
0.354006
0.103538
0.191000
0.266713
0.052479
0.262496
0.989850
0.068086
0.669680
0.378305
0.158996
0.374140
0.162813
0.274284
0.219446
1.012327
0.169339
0.220023
0.291484
0.697464
0.271974
0.133889
0.043046
1.772283
0.919213
0.163825
0.245672
0.082719
0.148851
0.010357
0.374980
0.723776
0.116309
0.932549
0.098167
0.183493
0.146219
0.020490
0.285013
2.386561
0.423030
0.613588
0.365285
0.944652
0.069116
1.034214
0.630772
0.269263
0.130429
0.086311
0.092286
0.523709
0.249998
0.144529
0.484156
0.133547
0.377955
0.004254
0.244594
0.775336
0.014701
1.229565
0.402318
0.134933
0.712746
0.656544
0.392302
0.006628
0.737374
1.912663
0.002363
0.209322
0.577702
0.370204
0.105907
0.841471
0.252668
1.191182
0.131049
0.492159
0.034253
0.254668
0.161112
0.307796
0.525107
1.130435
0.592213
0.099564
1.172815
0.042210
1.728073
1.352931
2.695767
0.368234
0.092988
0.703360
0.145317
0.624843
0.730991
0.011826
0.588169
0.741267
0.227408
0.236335
0.175502
0.406326
0.105878
0.589992
0.311799
0.273574
0.192113
0.377725
0.858812
0.451301
2.296625
0.318048
0.336895
0.575941
0.526628
0.250801
0.723899
0.483330
0.198471
0.714304
0.075904
0.343914
0.362229
0.249660
0.118329
0.166783
0.269296
1.163094
0.029119
0.761324
0.163556
0.217391
0.206386
0.317282
0.023185
0.810184
1.109286
0.226541
0.202014
0.621953
1.594902
0.194492
0.100684
0.298053
0.003116
0.896646
0.927308
0.737292
0.301870
0.093836
0.379092
0.450804
0.551984
0.024016
2.176850
1.056750
0.200636
0.258398
0.760527
0.244782
0.102553
0.031212
0.672962
0.370775
0.377882
0.768586
0.197114
0.273731
0.080875
0.536727
0.071547
0.057237
1.966849
0.189692
0.407332
2.157825
0.080851
0.255996
0.708930
0.461333
0.424098
0.170718
0.109468
0.137390
0.204848
0.101528
0.063602
0.549326
0.442564
1.156138
0.027644
0.740913
1.628279
0.788698
0.175774
0.338467
0.431967
0.486697
1.223295
0.650691
0.164513
0.023934
0.903976
0.151096
0.225066
0.249797
0.142141
0.358476
0.789749
0.002614
0.060691
0.227644
0.174400
0.186206
0.465696
0.497956
0.341299
0.646295
0.176408
0.042799
0.492292
0.216223
0.964868
0.443226
0.078074
0.081975
0.041535
0.641990
0.742323
2.489865
0.299748
0.027647
0.020340
0.169082
0.188874
0.257350
0.569943
0.412817
1.227178
0.321290
0.418806
0.014398
0.915668
0.989250
0.207240
0.295111
0.338969
0.897922
0.093911
0.779444
1.238760
0.798860
0.075824
0.736716
0.243496
0.167930
1.276026
0.312969
0.004190
0.594535
0.306581
0.307405
0.691726
0.344804
0.685561
0.033009
1.154038
0.277844
0.491654
0.842698
1.153239
0.107331
0.925801
0.673901
0.028237
0.100648
0.102888
0.396203
0.008239
0.220978
0.205397
1.347013
0.084129
0.324648
0.607440
0.388691
0.719560
0.490858
0.002824
0.737471
0.193441
0.311807
0.130984
0.036348
1.638042
1.878412
0.071936
0.993054
0.257890
0.713413
0.565672
0.180738
1.530039
0.367417
0.022259
0.004029
0.606583
0.130376
0.405145
0.634858
0.441851
1.113496
0.527030
0.676651
0.230807
0.219047
0.165648
0.071126
1.957694
0.169585
1.170693
0.178978
0.696430
0.072091
0.231822
0.625637
0.058780
0.351613
0.429756
0.360647
0.153905
0.146536
0.849763
0.122989
0.744601
0.985823
0.128147
0.324271
0.047320
0.760157
0.109253
0.565128
0.559669
0.941154
0.271213
0.022100
0.113134
0.603106
0.096693
0.100791
2.224530
0.041496
0.330300
0.673433
0.120343
0.963690
0.302391
0.196391
0.222742
0.015455
0.912246
0.489655
0.167366
0.533456
0.924133
0.030362
0.363562
0.035520
0.384054
0.466977
0.948333
0.659115
0.167074
0.370577
0.433932
0.606535
0.418133
0.763121
0.258244
0.678387
1.679245
0.248542
0.863411
0.297712
0.070577
0.018365
0.180587
0.440282
0.223837
0.543283
0.478411
0.111314
0.169177
1.153088
0.967298
0.069371
1.600466
0.232783
0.110399
0.341981
1.936956
0.024623
0.129241
0.152771
0.423721
0.824948
1.690588
0.074345
0.446506
0.230526
1.062949
0.405730
0.715811
0.606718
0.002236
1.116173
0.671404
0.183799
0.325211
0.052555
1.757154
0.049393
0.177882
0.148724
2.594408
0.084138
0.244561
1.536276
0.374435
0.439687
0.298086
0.352936
0.501212
0.564835
0.733965
0.114393
0.331591
0.665128
0.209781
0.039180
0.055450
0.126376
0.498697
1.005144
1.302963
0.504783
0.711010
0.546893
1.434349
0.135215
0.723721
1.223567
0.200994
0.033172
0.093615
0.196842
0.123635
0.407750
0.163648
0.685543
0.076890
0.651367
0.145505
0.747052
0.259658
0.011168
1.957303
1.103015
0.708747
0.194833
1.679533
0.992614
0.394891
0.453657
0.652266
0.319540
0.131993
0.334202
0.073830
0.096333
0.644443
1.161928
0.046442
0.028515
1.695058
0.150180
0.239717
0.102507
0.849220
0.539398
1.340706
1.604098
0.245681
0.101686
0.664241
0.788196
0.115408
0.627936
0.574653
1.659259
0.019313
0.522596
0.875628
0.438470
0.140366
0.405003
0.028904
0.323881
0.021777
0.107491
0.527815
0.728448
0.050213
0.674940
0.864322
0.031920
0.000089
0.113664
0.141984
0.849706
0.995115
0.098459
0.749797
0.144871
0.225310
0.358618
0.022930
0.420686
0.128785
0.650917
0.380365
0.153917
0.236078
0.222456
0.944935
0.485257
1.228240
1.177343
0.051513
1.571922
0.051859
0.692994
0.643541
0.107879
0.337312
0.395270
0.147799
0.337487
0.692630
0.349706
0.184113
0.474765
0.572639
0.044316
0.999839
0.022829
0.454060
1.200901
0.475328
0.868043
0.507246
0.079022
0.046471
0.006926
0.351908
1.387593
0.503749
0.271993
0.924924
0.659813
0.236166
1.417314
0.329555
0.052891
0.072703
1.812308
0.520330
0.248168
0.311970
0.252521
1.123884
0.739665
0.004822
0.429282
0.972553
1.036603
0.484927
0.302336
0.765460
0.133531
0.162545
0.273293
0.239472
0.228083
0.285317
1.085203
0.181169
0.036125
0.182238
0.079318
0.810924
0.572683
0.046031
0.167845
0.762251
0.126338
0.149537
0.280226
0.476638
0.641267
0.873114
0.355543
0.341476
0.901409
0.044481
0.216858
0.617877
0.612056
0.819049
0.339669
1.409682
0.043427
1.227427
0.193507
0.298446
0.214590
0.115832
0.700061
0.271209
0.358952
1.151920
0.124953
0.107909
2.214661
0.352895
1.873023
0.118722
0.723610
0.259966
0.874013
0.334172
0.131337
0.203813
2.017644
0.034233
0.272270
0.203401
0.747069
0.067265
0.075338
0.156401
0.034262
0.126198
0.100893
0.244815
0.558198
0.379310
0.450620
0.277541
1.501349
0.056114
0.197337
0.094053
0.178537
0.188569
0.566221
0.161943
0.372785
0.292174
0.573019
0.216485
1.329449
1.221579
0.579486
1.216883
1.938518
0.056071
0.141525
0.702934
0.131954
0.244199
0.011866
0.177042
0.470104
0.115451
0.578117
0.165640
0.669457
0.163742
0.615451
0.582724
0.243413
0.017333
0.981951
0.578711
0.214047
0.385494
1.640008
1.034888
1.955404
0.517085
0.127579
1.203697
0.407762
1.211794
0.863673
0.384885
0.008817
0.035620
0.172462
0.143464
0.303625
0.189298
0.396615
0.033394
0.368404
0.132602
0.212785
0.150033
0.358941
0.028059
1.472964
1.139635
0.046411
0.822887
0.437749
0.287143
0.211240
0.394518
0.186025
0.196193
0.105482
0.383812
0.133618
0.688745
0.296454
0.029213
0.167505
0.312522
0.067059
0.429478
0.626225
0.434544
1.110846
0.151781
0.518204
0.266310
0.341366
2.406441
0.557622
0.003502
0.023781
0.483281
1.174950
0.072567
0.278215
0.334683
0.424300
0.737736
0.017133
1.071367
0.050400
0.126725
0.271116
0.200532
1.781922
1.004337
0.244813
0.148086
0.200683
0.359395
0.894091
0.022913
0.048985
0.644240
0.183079
0.670848
0.073812
0.808161
0.655544
0.828815
0.826049
0.750117
0.280202
0.624091
1.215295
0.968171
0.112160
0.330826
0.493221
0.133695
0.228380
0.641842
0.306712
0.769070
0.027428
0.281215
0.526418
0.290377
0.580005
1.999025
1.530738
0.366207
0.013398
0.023811
0.139568
0.202518
0.768801
0.239670
0.072178
0.362399
0.105495
1.430360
0.173009
0.482792
0.533188
0.114401
0.322186
0.971364
0.583204
0.053852
0.047877
0.028383
0.871747
0.399054
0.917556
1.053798
1.955940
0.338103
0.192092
0.549077
0.320378
0.158847
0.102754
0.346120
0.191862
0.280472
0.893667
0.054788
0.830730
1.705834
0.482954
0.000178
1.202787
1.214427
0.483260
0.416817
0.061862
0.049691
0.274281
0.817105
0.109520
0.360293
0.983335
0.011022
0.032725
0.602791
1.152660
0.022159
0.106559
0.123761
0.618703
0.546881
0.338088
1.129913
0.089918
0.830690
0.196493
2.936721
1.226171
0.072571
1.664914
0.381003
0.072777
1.035685
0.294514
0.703355
0.289481
0.412209
0.947414
0.989309
0.228172
0.023738
0.235220
0.128403
0.035302
0.288684
1.308400
1.727974
0.328867
0.063294
0.103949
0.106498
0.766122
0.568393
0.045769
1.483499
0.335961
0.265884
1.456885
0.258072
0.396522
1.203584
1.377992
0.574412
0.766046
0.240299
0.288165
0.126439
1.433203
0.169627
0.044512
0.185170
0.203282
0.308510
0.383916
0.257279
1.146694
0.310828
0.231556
0.239868
0.435957
0.408661
0.425361
0.227695
0.135601
0.539944
0.188688
0.648798
0.037793
0.150600
0.069628
0.484233
0.093165
0.034379
0.180719
1.538665
0.297135
0.676176
0.097615
0.248077
0.014749
0.152266
0.603042
0.225597
0.641835
0.134996
0.724869
0.486506
0.601254
0.073118
0.001557
0.165232
0.592792
0.429015
0.520939
1.343908
0.134836
1.629203
0.537618
0.184931
0.125271
0.777422
1.326111
0.248480
0.966291
0.132524
0.211972
0.180672
1.828697
0.370009
0.592728
0.001637
0.769550
0.251285
0.228170
0.355052
0.499347
0.070649
0.069898
0.201135
0.155861
0.071689
0.474162
1.638352
0.618209
0.150430
1.123188
1.458901
0.125109
0.402599
0.147265
0.292586
0.209107
0.102053
0.899733
0.109703
0.270175
0.099319
0.346840
0.248507
0.607091
0.108245
0.251200
0.335178
0.445415
0.716326
2.885027
0.125081
1.117903
0.068107
0.402068
0.087718
0.151173
0.090243
0.065713
1.761615
0.276653
0.008764
1.241117
0.519686
0.422422
0.094107
0.046779
1.216087
0.220172
1.288029
0.057795
0.742816
0.054952
0.470068
0.090339
0.822861
0.815036
0.410740
0.175205
0.250248
0.193968
0.172995
0.477379
0.120806
0.272213
0.091733
0.235440
0.570880
0.202299
0.345280
0.526685
0.708810
0.362917
0.419298
0.258785
0.045211
0.672087
0.339965
3.288941
0.050148
0.270019
0.057015
1.016553
0.368396
0.631497
0.017486
0.199106
0.368318
0.451426
0.489190
1.232835
1.239261
1.241821
0.377663
0.070075
0.205028
0.598272
0.352933
0.008639
0.015497
0.002518
0.551867
0.776124
0.368135
0.134628
0.106759
0.467683
1.850433
0.578559
0.465914
0.036677
0.054285
0.625769
1.405045
0.489398
0.282051
1.828079
1.525802
1.522546
0.420541
0.429952
1.010421
0.331687
0.339976
0.253416
0.478115
0.885229
0.050110
0.065043
0.938250
0.067269
0.067913
0.362055
1.227338
0.522215
0.695748
0.056232
0.147633
0.648401
0.785061
0.989646
0.798073
1.126248
0.428738
0.668037
0.366048
0.003461
0.621171
0.319156
1.600839
0.164286
0.024918
0.876545
0.723954
0.390414
0.127034
0.239502
0.232383
0.192628
0.349160
0.123330
0.294938
0.496565
0.661824
0.222919
0.162652
0.331925
0.313758
0.381097
0.118957
0.149246
0.251422
0.004547
0.082984
1.769538
0.685560
0.557412
1.905138
0.305756
0.077652
1.383614
0.668788
0.106881
0.721806
0.349037
0.662943
2.223559
1.073033
0.056109
0.184093
0.243585
0.196332
0.700429
0.007669
0.030184
0.060140
0.173302
0.392320
0.433049
0.875134
0.704160
0.908458
0.125170
0.723021
2.323042
0.106859
0.357366
0.542988
0.093335
1.723306
0.820652
0.056834
0.611519
3.335130
1.025417
0.116675
0.660562
0.981844
0.047804
0.914157
0.091764
0.323912
0.089599
1.270964
0.338675
0.125927
0.017613
0.768448
0.726983
0.475989
0.472378
0.368868
0.300281
0.893952
0.168649
0.291606
0.012717
0.797227
0.055089
0.108702
0.724356
1.207308
0.180371
0.318188
1.200266
0.095710
0.568026
0.514303
0.017230
0.735045
0.328707
0.112538
0.141786
0.519046
0.065527
0.671522
1.014421
0.085657
0.371066
0.503752
0.738034
0.072587
0.085201
0.126133
1.718163
0.292576
0.546603
2.475993
0.137192
0.733071
0.104328
0.002550
0.569380
0.337818
0.323017
0.444720
0.547381
0.084088
0.131728
0.600746
1.294402
0.624868
1.155306
0.094251
0.222589
0.011957
1.208168
0.129258
0.099880
0.285159
0.992696
1.523913
0.421732
0.009769
0.096489
0.385662
0.310252
0.917417
0.378076
0.605812
0.470222
0.634444
0.614429
0.170773
0.117876
0.101213
1.053689
1.041339
0.206281
0.058297
0.427432
0.152541
0.867140
0.322615
0.285234
0.100913
0.345662
0.211935
0.264296
0.569967
0.757396
0.159579
0.500786
0.215336
0.173071
0.825647
1.092524
0.703074
0.522856
0.270692
0.305508
0.149273
0.073620
0.089907
0.396410
0.213041
0.213722
0.277456
0.125734
0.578981
0.383860
0.797274
1.486124
0.222677
0.159042
0.241890
0.390624
0.738209
0.652898
1.525959
0.300471
0.355848
0.128073
0.044090
0.979914
0.365485
1.115606
0.686482
0.159740
0.389527
0.089984
0.655916
0.802883
0.179494
1.128079
0.212858
0.522850
0.139245
0.740468
1.023567
1.322176
0.184450
0.551153
1.050887
0.551173
1.409656
0.151440
0.117908
0.622221
2.320669
0.088850
0.089326
0.346118
0.246147
0.142514
0.222099
1.189385
0.075766
0.055637
0.099718
0.572489
0.157362
1.212273
0.327958
0.423880
0.821832
0.879349
0.124347
0.025543
0.458528
0.047747
1.925760
1.197415
0.711421
0.970756
0.429861
0.600863
0.062683
0.772751
0.264854
0.057246
1.493899
0.427630
0.467896
0.206531
0.865335
1.696411
0.140992
1.654443
0.037196
0.278018
0.518118
0.209049
0.206248
0.067478
1.222820
0.078171
1.539303
0.071653
0.108169
0.404035
0.127180
0.095151
0.310967
2.053987
0.015128
0.020315
0.574244
0.079866
0.876107
0.049417
0.147729
0.748528
0.552719
0.995839
0.060853
0.338409
0.885744
0.223382
0.303679
1.159424
0.772828
0.052916
0.139405
0.066670
0.128524
0.085184
0.157058
0.099620
0.171355
0.311907
0.663878
0.361538
0.507219
0.110338
0.344878
0.550103
0.135799
0.099949
0.843230
0.033310
0.160994
0.036627
0.918361
1.443232
1.360331
1.553355
0.286346
0.722150
0.189575
1.109154
0.547861
0.054007
2.391605
1.198546
0.128879
0.123142
0.033959
0.343368
0.254535
0.219887
1.620663
0.071863
1.022274
0.456003
0.201658
0.230116
0.154269
0.421680
0.399308
0.041857
0.502816
0.872460
0.081813
0.322033
0.733900
0.044475
0.281147
0.115061
0.945894
0.684536
0.050889
0.361700
0.942078
0.046278
0.275753
0.039122
0.183148
0.336262
0.424369
0.611490
0.933455
0.380641
0.914803
0.629322
0.070330
0.094022
0.044319
0.252666
0.675771
0.503754
0.324087
0.235278
0.308291
0.494350
0.949203
0.130541
0.624223
0.164455
0.285770
0.413051
0.013146
0.379767
0.040143
1.035704
0.484473
0.347640
1.490448
1.310151
2.335990
0.368338
0.501016
0.904084
0.027878
0.319699
0.401488
0.102557
0.516148
0.506443
0.436305
0.243043
0.158523
0.030481
0.714218
0.658227
0.580905
0.471457
1.631119
0.255521
1.107292
0.252954
1.640076
1.242954
1.323653
0.020164
0.782093
0.398893
0.388907
0.673526
0.323986
0.378829
0.151426
0.058133
0.228866
0.189550
0.436319
1.258440
0.347544
0.128068
0.406100
0.043384
0.472004
0.879613
0.076721
0.232012
0.410192
0.884013
2.002076
0.368482
0.130332
1.030060
1.253439
0.106496
0.778687
0.940741
0.131568
0.433814
0.253177
0.739103
0.192866
1.036554
0.180621
0.435348
2.066565
0.555048
1.135849
0.417493
0.445508
0.253609
0.785308
0.078842
0.327869
0.257934
1.819147
0.488009
0.744206
0.381185
0.301217
0.705354
0.028219
0.572825
0.495225
1.812549
1.035026
0.270558
0.860155
0.055569
3.096296
0.123143
1.048344
0.191365
0.048534
0.099425
1.148020
0.039778
0.951234
0.795324
0.514440
0.290411
0.107860
0.285178
0.441479
0.561934
0.909137
0.410655
0.177033
0.473328
0.049130
0.694537
0.229427
0.080355
0.283413
2.839615
0.064949
0.183000
0.267633
1.430641
0.265243
0.265890
0.087835
0.170414
0.655491
0.146255
0.316634
0.496840
0.200302
0.192792
0.277558
1.800039
0.714617
0.483835
0.261579
0.213051
0.174788
0.140551
1.188093
0.449698
0.972498
0.000341
0.210705
0.127449
0.080756
0.749295
0.125250
0.158012
0.043352
0.505404
0.120249
0.341334
0.024866
0.234897
0.765202
0.754709
0.495077
0.145643
0.262758
1.591822
0.425069
0.900129
1.338595
0.202597
0.303280
0.206697
0.569877
0.692727
0.438111
0.442394
0.210016
0.290498
0.443220
0.580541
0.547805
0.667845
0.311258
1.091307
0.004007
0.395336
0.370464
0.125351
0.021033
0.424135
0.453931
0.870757
0.216012
0.127507
0.040303
0.712634
0.101462
0.525036
0.451070
0.061029
2.044373
0.025161
0.302113
0.544344
0.801893
0.018929
0.144202
0.076483
0.324861
0.911379
0.882152
0.077435
0.428356
0.172727
0.015605
0.437846
0.911816
0.403781
0.817818
1.059111
0.067281
0.256903
0.609543
0.323808
0.492927
0.761499
0.134766
0.831788
0.282844
0.887638
1.298100
0.268303
1.058634
0.238169
0.040937
0.567389
0.269009
0.199607
0.858366
1.121707
0.091705
0.523544
0.019047
0.679374
1.416325
0.035268
0.197592
0.756394
0.486644
0.070560
0.538611
0.689287
0.381142
0.226246
0.127298
0.087344
0.078855
0.309051
1.767140
0.431296
0.172371
1.132952
2.495672
0.093910
0.160936
0.037263
0.947705
0.587701
0.256221
0.554469
0.439991
0.420294
0.192194
0.487208
0.186664
0.150739
0.586710
0.508061
0.020401
0.187604
0.734010
0.601055
0.031426
0.180499
0.032749
0.168217
0.311158
0.117420
0.686631
0.284687
0.773784
0.019535
0.200525
0.758062
0.117579
0.465187
0.956134
0.030564
0.176127
0.145995
0.653536
1.068996
0.862332
0.024869
0.351292
0.071547
0.184661
0.108698
0.737741
0.214452
0.354886
0.389299
0.024710
0.421009
0.928853
0.059177
0.964983
0.183557
0.193508
0.460109
0.676217
0.057232
0.510666
0.037240
1.097290
0.946695
0.565622
0.675173
1.197005
1.829992
2.564196
0.508229
0.970277
0.845978
0.580212
0.223982
1.489622
2.695667
0.406485
0.637377
0.210966
0.033446
0.151534
0.249152
0.502376
0.055701
0.350649
0.335411
0.266102
0.871425
0.047309
0.083666
1.352538
0.654971
0.127998
0.862226
0.433278
1.167674
0.413430
0.335048
1.049782
0.406701
0.067604
0.661878
0.233001
0.838626
0.049876
0.194055
0.826584
0.526914
0.021539
0.082897
0.629573
0.180926
0.393970
0.215367
0.262999
0.025267
0.912183
0.862216
1.036759
1.322251
1.860834
0.823549
0.538117
0.112611
0.495940
0.136381
0.055401
0.106411
0.649265
2.019215
0.689865
0.960479
0.629815
0.064399
0.549276
0.833477
0.292156
0.322373
0.310486
0.331478
0.494409
0.098422
0.776264
0.095098
0.376077
0.109901
0.125824
0.228903
0.009616
0.050872
0.175694
2.634853
1.172386
1.555154
0.109399
0.380983
0.107922
0.179339
0.645407
1.270464
0.166881
0.320568
0.745251
0.000008
0.450891
0.291149
0.833522
0.018677
1.242002
0.159947
0.368381
0.393262
0.301155
0.185262
0.632531
1.984426
0.353572
1.408878
0.214189
0.373272
0.018850
0.517431
0.367874
1.416212
0.458317
0.631808
0.321591
0.790612
0.009475
0.111157
0.628482
0.180160
0.558351
0.336892
0.180172
0.155166
1.341273
0.060383
0.180816
0.942604
0.245130
0.870916
0.249430
0.916251
0.072182
0.058579
0.860442
0.512743
0.026076
0.092880
0.091587
0.045956
0.841681
0.582745
0.014686
0.267550
0.260101
0.349913
0.117017
0.276145
0.606446
1.289495
0.648990
0.235247
0.267536
0.014962
0.513755
0.212312
0.077298
1.455373
0.107952
0.378333
0.735634
0.442111
0.231620
1.175856
0.597872
0.106504
0.395019
0.689833
0.224221
0.625093
0.904410
0.096568
0.256897
1.001604
0.445822
0.823513
0.229770
0.801441
0.131819
0.036872
0.641569
1.593029
0.295653
0.073790
2.217545
0.046331
0.330042
0.070428
0.017329
0.565639
0.542587
0.815917
0.153497
0.016735
0.617600
1.633318
0.127296
0.147451
0.619287
0.441121
1.735982
0.395221
0.717271
0.231591
0.265050
0.216774
0.098069
0.756791
0.081541
0.263688
0.951803
1.033018
0.229840
0.176459
0.005288
0.220541
0.243770
0.340325
0.334760
0.272301
0.093823
0.081379
0.127031
0.285851
0.101131
1.355882
0.253169
0.262029
0.104729
0.056867
2.560731
0.085940
0.530457
0.704901
0.376069
0.033772
0.056922
0.613353
0.932792
0.149258
0.061984
0.595633
0.070433
0.331898
2.520225
0.076526
0.921843
0.238529
0.504790
0.200099
0.803024
0.821807
0.326979
0.011981
0.138639
0.544038
1.576291
0.510073
0.036836
0.079049
0.687109
0.033634
0.181314
0.256099
0.859805
0.894272
0.313808
1.318796
0.387764
0.186498
0.103234
0.533748
0.003762
0.191321
0.076132
0.000512
0.307962
2.037419
0.239355
0.050179
0.187578
0.099066
1.162447
0.787118
0.113712
0.077954
0.304376
0.087579
0.765823
0.374323
0.183297
0.378345
0.448304
0.472169
1.341238
0.266291
0.293367
0.253536
0.208804
2.049157
0.617345
0.375312
0.510175
0.630396
0.934983
0.758815
0.632206
0.182447
0.721483
0.051577
0.256427
0.039842
0.162693
0.180788
1.017908
0.328087
0.296909
0.196815
0.513392
0.131726
0.956589
1.485539
0.718559
0.293888
0.410280
0.592076
0.973684
0.001841
0.048111
0.110779
2.174271
0.806758
0.648516
0.492560
0.364267
0.424935
0.261596
0.133926
1.052928
0.093857
0.202477
0.163887
0.142337
0.471758
0.437211
0.062309
0.048207
0.015581
0.292203
0.661667
0.152100
0.174745
0.573648
0.012492
0.672366
0.138748
0.634112
0.454089
0.141179
0.831440
0.793525
0.132680
0.472373
0.369208
0.981900
0.068831
0.049722
0.155339
0.225953
1.804441
0.288303
0.596315
0.145439
0.579083
0.183594
0.901782
0.812542
0.254773
1.004847
0.140961
0.071350
0.068630
0.388939
0.845031
0.082987
0.164259
0.029776
1.026304
1.046779
0.181066
0.572865
0.557713
0.384884
0.173525
0.108056
0.252551
0.273949
0.170551
0.544735
0.769540
0.151859
0.053683
0.328889
0.361107
0.774977
0.778708
0.215094
0.446833
0.104468
0.121408
0.905516
0.193964
0.210675
0.236712
0.073688
0.343355
0.535224
0.108359
0.229727
0.381674
0.345228
0.025847
0.115412
0.018090
0.210500
0.255809
0.282894
0.725035
0.584769
0.050293
0.400219
1.512282
0.110010
0.016710
0.313441
2.107892
0.863511
0.844669
0.429113
0.005399
0.015715
0.266025
0.201941
0.234827
0.779694
0.316787
1.026120
0.296090
0.545547
0.137169
1.975829
0.088848
0.171460
0.103450
0.110533
0.502446
0.442607
0.497700
0.254881
0.162079
0.647528
1.500167
0.129570
1.285984
2.040116
0.592134
1.197647
0.818105
0.356051
0.331736
0.846471
0.388623
1.139146
0.080260
1.233208
0.581217
0.480654
0.772445
0.072025
0.165475
0.013475
0.061046
0.294000
0.190553
0.179648
0.514869
1.506039
1.100042
0.159637
0.215524
0.090803
3.745020
0.178625
0.250730
1.282340
0.166687
0.046268
0.891629
0.046486
0.455369
0.190521
1.175911
0.074309
0.120648
0.027283
0.027341
1.159701
0.555412
0.915910
0.018241
1.523211
1.006707
0.081705
0.252948
0.101280
0.301278
0.020376
0.072036
0.209119
0.187898
0.331160
0.354501
0.187491
0.767973
1.162514
0.134433
0.035344
2.333722
0.035032
0.085411
0.443823
0.242673
0.031914
0.648187
0.456782
0.061048
0.756363
0.347149
0.770071
0.483226
0.384365
0.669936
0.332803
0.581025
0.072603
0.553424
0.075263
0.096240
0.813737
0.328446
0.335054
0.169783
2.273657
0.807338
0.037722
1.111073
0.018747
0.075944
1.069500
0.055167
0.176871
0.318009
0.335675
0.222969
0.109751
0.045997
0.321906
1.881225
0.443929
0.150798
0.453595
0.066687
3.245912
0.042986
0.835706
0.071727
0.696723
1.515817
0.184611
0.405241
0.283965
0.797458
0.926639
0.274703
0.455800
1.238152
0.188680
0.503819
0.029272
0.109425
0.672355
0.219102
0.550050
0.129623
0.626902
0.998447
0.190085
0.104927
0.919478
1.175463
0.298610
0.287557
0.015014
0.297235
0.366714
0.921318
0.435879
0.158399
0.788398
1.105972
0.876882
0.128523
0.581714
0.554568
0.524018
0.168231
0.441069
1.658037
1.266793
0.514961
0.087333
0.539421
3.053277
0.878463
1.096316
0.623014
0.588291
0.114476
1.159621
0.380377
0.057903
0.216402
1.754040
0.074792
0.803363
0.336463
1.969553
0.240020
0.716292
0.743385
0.158558
0.443594
0.000283
1.601259
0.149435
0.524824
0.140550
0.930384
0.475498
0.090565
0.334142
0.743406
0.873443
0.331973
0.459814
0.625989
0.110036
0.173364
1.254767
0.052231
0.873453
0.014223
0.299376
0.794164
0.091348
0.143815
0.168100
0.079799
0.498752
0.023980
1.271768
1.166288
0.503950
1.275377
0.991321
1.119145
0.424218
0.056776
0.669336
0.102628
0.159424
0.127587
1.602833
0.051958
0.619632
0.411401
0.837682
1.192665
0.961400
0.657366
0.003579
0.568922
0.712516
0.305909
0.322392
1.305089
0.614809
0.715109
0.038436
0.206847
0.824014
2.691318
0.138372
0.292224
1.246761
0.054933
0.204696
0.335984
0.118741
0.038307
0.561747
0.331215
0.177603
0.503007
0.437456
0.004709
0.108536
0.251976
1.246354
0.025084
0.068090
1.291458
0.651751
1.089364
0.240700
0.113855
0.839108
0.046979
1.667528
1.091448
0.279724
0.739114
1.071466
0.554675
0.120746
0.804897
0.744216
0.399799
0.170801
2.122422
0.489406
1.665289
0.317501
1.283361
0.456341
0.027316
1.348451
0.789168
0.298036
0.948228
0.924521
0.429416
0.744378
0.423187
0.311026
0.085056
0.745111
0.161794
0.141253
0.671741
0.089406
0.561323
0.357720
0.023769
0.211415
0.646526
0.937019
0.063396
0.161523
0.073014
0.055323
1.152803
0.052733
0.427610
0.867259
0.599739
0.494400
0.705500
0.338962
0.040066
0.465704
0.203941
0.529717
0.239299
1.182096
0.061936
0.384774
0.570737
0.249578
0.763663
0.272119
0.406747
0.305753
1.334943
0.462061
0.810443
0.534005
0.298571
1.271436
1.346829
0.440322
0.013226
0.893890
0.578510
0.459291
0.533824
0.242438
0.129963
0.265756
1.045985
0.182567
0.009227
0.118810
1.600092
0.254275
0.062483
0.039387
1.369853
0.800054
0.316223
0.633448
0.122849
0.012865
0.096648
0.080426
0.495134
1.909245
0.817095
0.040681
1.148296
0.668289
0.544763
1.298503
0.421898
0.214778
0.373716
0.128162
0.661057
0.703883
0.508599
0.470785
0.031581
0.534544
0.861537
0.010333
0.028450
1.398085
0.050576
2.340081
0.667956
0.416105
0.617247
1.549701
0.446185
1.080457
0.054632
0.123487
0.993228
1.195137
0.176185
0.718201
0.518738
1.617039
0.581930
0.121404
0.185391
0.120489
0.291417
0.022098
1.744221
0.041734
0.529532
0.015570
0.667341
0.321896
0.026233
0.785277
0.266927
0.079684
0.763451
0.081696
0.622799
0.338450
0.055838
0.180160
0.236276
0.117337
0.368431
0.136830
0.062536
0.852881
0.000815
0.720309
0.754727
0.584544
1.926792
0.046483
1.169056
0.272780
0.070787
1.031556
0.347137
0.769093
1.169632
0.135459
0.150507
1.547379
0.014916
0.559804
0.053810
0.836145
0.869585
0.841710
0.181198
1.329624
0.062107
0.570631
0.074929
0.508327
1.262828
0.148352
0.304920
1.273107
0.010079
0.134288
0.472052
3.342963
0.196009
0.361249
0.271704
0.304695
0.245025
1.261600
0.138237
0.171954
0.085464
0.348055
0.140996
0.103211
0.096229
0.213664
3.320106
3.713626
0.088377
0.180261
1.325393
0.163436
2.045327
0.035519
1.244578
1.167895
0.196752
0.233869
0.871165
0.211763
0.469671
0.286226
0.210811
1.354692
1.501097
0.720381
0.246935
0.206038
0.574506
0.498867
0.495415
0.916817
0.071223
1.037531
0.013520
0.183967
0.125645
0.012849
0.183537
0.242429
0.198792
0.135017
0.543895
0.186497
0.182081
0.433821
0.120779
0.497845
1.535680
0.020142
1.860660
0.413633
0.322506
0.192696
0.342767
0.277272
0.043361
1.085420
0.720676
0.726470
0.364081
0.248892
0.466066
0.524868
0.155015
0.501149
1.582747
0.335476
0.536964
0.153976
1.031761
2.148650
0.348271
0.383971
0.176715
0.822314
0.061702
0.359049
0.287635
0.036143
0.401264
0.266574
0.500504
0.013763
0.660368
0.068867
0.301485
0.846763
0.007348
0.121806
0.436434
0.379422
0.468671
0.104457
0.100302
1.039353
0.861583
0.075161
0.226032
0.326806
0.259276
0.135039
0.313896
1.183899
0.740772
0.721868
0.624536
1.098242
0.161673
0.081658
1.591530
0.880371
0.414967
0.447060
0.966313
0.176187
0.635953
0.184119
0.060019
0.662678
0.371438
0.594315
0.154681
0.071121
1.076637
0.296966
0.003762
0.611063
0.442659
0.231957
0.102426
2.416367
0.468072
0.527007
1.143103
0.239483
0.268431
0.472831
0.156933
0.588336
0.718276
0.129336
0.366755
0.197393
0.854511
0.235011
0.487967
0.386811
0.574521
0.666420
0.159382
0.116165
0.282495
0.387219
0.207686
0.189556
2.166981
0.213397
0.010575
0.427012
0.633961
0.115437
0.417744
0.197594
0.974643
0.312450
0.613831
0.159445
0.039664
1.873391
1.672517
0.911678
0.114286
0.331329
0.089978
0.011782
0.981390
0.775238
0.412710
0.391090
0.371301
0.900605
0.692965
1.559068
0.234153
0.047053
0.158241
0.223786
0.287429
0.172811
1.367639
0.084682
0.344956
0.348037
0.329127
0.220032
1.692853
0.104910
0.495842
0.021667
0.090567
0.450442
1.064006
0.231023
0.040773
0.023346
0.249856
1.389043
0.896297
1.553259
0.327382
0.221271
0.780668
0.130906
0.187972
0.089613
0.192947
0.439318
0.372120
0.708114
1.047257
0.308120
1.221911
0.235202
1.628412
0.251609
0.656995
1.313022
0.439361
0.223380
1.754030
0.693873
1.540560
0.951808
0.064127
0.016469
1.134531
0.360428
1.757377
0.654784
0.316410
0.299537
0.045872
0.149912
0.571320
0.256264
0.275073
0.000591
2.122749
1.478628
0.710555
0.992216
0.262181
0.556953
0.135767
0.230666
0.034752
1.737619
0.176336
0.527533
0.199753
0.155467
0.257244
0.166647
0.062900
0.369661
0.189784
0.007455
0.018449
0.168498
0.682978
0.351734
0.667359
0.893461
0.722355
0.270463
0.132990
0.103709
0.271479
0.123729
0.072720
0.097720
0.042648
0.392002
0.946075
0.192501
1.220823
1.240832
0.170257
0.117972
0.419927
0.481094
0.324482
1.760314
1.158263
0.452702
0.339604
0.122456
0.471345
0.376669
0.349899
0.219473
0.017472
0.137273
0.104011
0.801049
0.536288
0.273534
2.128887
0.039980
0.511623
0.064602
0.146765
0.640666
0.546261
0.054699
0.021393
0.430916
0.010113
0.200596
0.775084
0.443668
1.482338
0.154079
0.408979
0.947918
0.986002
0.026515
0.034694
0.318614
0.434771
0.422392
0.875872
0.477513
0.831503
0.007221
0.266983
0.315843
0.286081
0.255055
0.393897
0.039667
0.367793
0.803536
0.801237
0.102532
1.167310
0.917810
0.719886
1.283114
0.093746
0.400150
0.358130
0.063569
0.846428
0.036335
1.740032
0.564787
0.064907
0.018451
0.080127
0.606335
0.466437
1.836535
0.191213
0.269793
2.252246
0.657489
1.082788
0.276377
0.070258
0.281471
0.347480
0.527583
0.130679
0.177986
0.907834
0.071443
0.075408
0.458507
0.028986
0.186227
0.081904
0.419372
0.281363
1.707168
0.507833
0.255030
0.516315
0.712684
0.286146
0.785117
0.310114
0.021635
0.727512
0.757004
0.307499
0.704364
0.358201
0.211312
0.099337
0.514427
0.746145
0.571420
0.174388
0.002576
1.971149
0.070621
0.074416
0.064252
0.658402
0.108213
0.282420
1.073238
0.718490
0.989867
0.949248
0.255575
0.151523
0.340745
0.087043
0.597347
0.168534
0.486368
0.672674
0.027094
0.257020
0.110891
0.825888
1.223341
0.392175
2.231540
0.405969
0.191896
0.553667
0.950071
0.195681
0.525136
2.013522
0.310088
0.736467
0.626201
0.534661
0.113009
0.454766
0.271601
0.033172
0.296645
0.855483
0.196984
1.420477
1.933609
0.011547
0.129237
0.459442
0.718541
0.164610
0.001483
1.625816
0.046500
1.240747
0.351470
0.040215
0.319694
0.867500
0.686869
0.194922
0.079770
0.252918
0.181930
0.470311
0.091809
0.009690
0.154878
0.231052
0.479182
0.578368
0.284788
0.033056
0.351394
0.713265
0.002810
0.330709
0.763210
0.132878
0.044370
0.393803
0.360660
0.045992
0.352971
0.461527
0.002135
0.005646
0.569680
0.323749
0.900387
0.278275
0.803431
2.016911
0.868113
0.055184
0.448132
2.387543
0.066017
0.976960
0.224400
0.673861
0.392380
0.794427
0.815183
0.024894
0.405627
0.829697
0.380125
0.206538
0.022039
0.480340
1.074739
0.407103
0.610808
0.246994
0.087002
0.618090
0.256281
0.915297
0.102992
0.134509
0.154963
2.121598
0.123055
0.047328
0.047229
0.830554
0.042712
0.120286
0.551844
0.293029
1.539454
0.119208
0.136774
0.709683
0.151022
0.792430
0.419525
0.787868
0.071595
0.472086
0.264251
0.008505
0.091966
0.061513
0.261009
0.198536
0.872248
0.824397
0.091598
0.005743
0.022283
0.284487
2.914589
0.151737
0.371388
0.045615
0.037267
0.465811
0.179063
0.673879
0.025420
0.147189
1.521446
0.170466
0.006613
0.119762
0.043824
0.434962
0.003081
0.122521
0.106606
0.269488
0.133413
0.223162
0.380085
0.512037
0.581956
0.221335
0.297638
0.965970
0.230305
0.338812
0.170561
0.227980
0.701069
0.838954
0.301977
0.873641
0.271779
0.701962
0.417276
0.316394
0.004709
0.365149
0.708963
0.011385
0.656953
0.921633
0.462576
0.668513
0.030421
0.793702
0.083635
0.173519
0.084546
0.579886
1.359758
0.926729
0.022563
0.241187
0.599391
0.266556
1.039168
2.189652
0.755669
0.495496
0.806476
0.132464
0.303067
0.124246
2.175571
0.010344
0.583844
2.824913
0.386864
0.295926
0.009588
0.157316
0.170119
0.487123
0.003672
0.213416
0.270700
0.087978
0.511728
0.426230
0.941240
0.427530
0.269734
1.112399
1.578253
0.061299
0.182019
0.892752
0.054264
0.044154
0.309093
1.169354
0.190820
1.236236
0.065950
0.181467
1.375216
0.836951
0.178945
0.321997
0.150002
0.192716
0.682759
0.396576
1.426824
0.697301
1.126947
0.223482
1.223306
0.383568
1.359576
0.716068
0.058493
0.216170
0.529377
0.035119
0.314046
1.587995
1.151867
0.421098
0.021855
0.224077
0.320073
0.223165
0.162047
0.453611
0.545910
0.119711
0.262836
1.679706
0.581939
0.551350
0.167798
0.283239
0.121424
0.129032
0.102006
0.058615
0.443230
0.051549
0.519624
0.369027
0.980073
0.706691
1.031657
0.359001
0.870081
0.207272
0.317932
0.644807
1.196229
0.360043
0.044862
0.240132
1.033032
0.225206
1.902395
0.385783
0.428483
0.244351
0.349538
0.152773
0.028076
0.775687
0.594967
0.157502
0.007809
1.061407
0.239691
0.462395
1.914452
0.013744
0.066961
0.908320
0.765762
3.191346
0.215163
0.468632
0.205994
0.858025
0.202426
0.141356
0.202868
0.271280
0.493951
0.115859
0.760202
0.464915
0.682349
0.220750
2.411510
0.142176
0.484066
0.023840
0.018094
0.189875
0.190466
0.026194
0.109248
0.598019
0.531271
0.095907
0.644988
0.756531
0.006020
0.355164
0.752707
0.224451
0.062112
0.061504
0.100383
0.298686
0.224713
0.362227
1.014321
2.285340
0.640502
0.524715
0.451969
0.314414
0.003407
0.442137
0.626375
0.493088
0.501944
0.692793
1.432061
1.501116
0.806878
0.074970
0.521968
0.303746
0.188278
0.233131
0.133973
0.197075
1.065045
0.006606
0.581445
3.105359
0.068981
1.017483
0.296865
0.337529
0.242844
0.190061
0.327466
0.056566
1.691946
0.039279
0.426366
1.803673
0.543150
0.169862
0.457991
0.175549
0.019296
0.391364
0.141453
0.912301
0.572982
1.123777
0.174072
2.743708
0.155304
0.376505
0.194015
0.080186
0.390638
0.004534
0.079009
0.555919
1.053272
0.450579
0.088321
0.152630
1.204657
0.514229
0.231046
1.044576
0.632912
1.439308
0.945517
0.239446
0.131866
0.297974
0.564456
0.157134
2.402014
1.282132
0.057366
0.560254
0.850138
0.257416
0.553949
0.044069
1.340112
2.375442
0.132334
0.320876
0.000192
0.237973
0.078138
1.054849
1.798685
0.183072
0.076455
1.071627
1.488342
0.358545
0.711345
0.549854
0.304051
0.468272
0.024365
0.581476
0.029334
0.643998
1.574622
0.025007
0.520928
0.033878
0.641272
0.312340
0.315471
0.249133
0.398071
0.254881
0.242070
0.760421
1.031754
0.242380
0.087281
0.008914
0.152503
0.071231
0.195978
0.259324
0.007815
0.159623
1.241481
0.744591
1.409509
0.232704
0.241008
2.207155
0.030704
0.289412
0.622526
0.008408
0.334936
0.222577
0.042880
0.118428
0.868189
0.399360
0.462302
0.233226
1.492467
2.174635
0.083765
0.864250
0.232002
0.188748
0.916662
0.502726
0.296384
0.089793
0.019784
0.310611
0.287849
1.553887
0.135350
0.237427
0.198318
0.483289
0.227791
0.244680
0.030438
0.040602
0.258469
0.396247
0.287477
0.332612
0.709782
0.151305
0.018300
0.224310
0.502409
2.113181
0.214297
0.775909
0.824724
0.636153
0.054106
0.522009
0.218428
0.398995
0.836580
0.249391
0.006279
0.143864
0.213879
0.143598
0.494510
0.562660
1.017245
2.556287
0.032233
1.317723
0.037348
0.313762
0.322749
0.355904
1.517548
0.133143
0.735612
2.205927
0.452269
0.258963
1.810833
1.439838
0.106833
0.759584
0.544819
0.174739
0.280243
0.008877
0.931236
0.138151
0.264095
0.973124
0.338097
0.710150
0.056487
0.063638
0.284413
1.866496
0.060231
0.342830
1.173749
0.102568
1.639449
0.239010
0.593241
1.228219
0.475661
0.312803
1.162045
0.117255
1.017453
1.041281
0.082962
0.031837
0.534277
0.847908
0.220521
0.044724
0.898330
0.112413
0.197990
0.140172
0.030160
0.853060
0.001419
0.090379
1.389831
0.286922
0.076250
0.026400
1.350686
0.023459
0.135178
1.127931
0.277410
1.341188
0.828991
0.020200
0.252639
0.621711
0.142932
0.154602
0.442147
0.256685
0.198495
0.139519
0.122998
0.576470
0.199533
0.026818
1.084194
0.533606
0.175986
1.442767
0.321669
0.178005
0.058007
0.265859
0.666242
0.144494
0.311657
0.552917
0.176066
0.603201
0.415380
0.641215
0.500281
0.234010
0.718229
0.014709
0.044615
0.005464
0.174750
0.557917
0.265848
0.487248
1.237563
0.497758
0.183298
0.140453
0.573939
0.106936
1.155990
1.940990
0.073510
0.235322
0.163505
0.141355
0.775125
0.007609
0.343822
0.144936
0.576273
0.790071
1.522122
0.142809
0.363550
0.439371
0.486708
0.163505
0.475550
0.614771
0.171098
1.196492
0.238963
0.605638
0.378855
0.175332
0.202220
0.910608
0.389005
0.007730
0.015601
0.291354
2.622937
0.091627
0.849177
0.159865
0.266966
0.464208
0.170371
1.209255
0.970572
1.804592
0.610389
0.827291
0.125114
0.125316
0.250044
0.927625
0.347188
0.003617
0.400544
0.781289
1.237583
1.337486
0.339216
0.296300
0.128654
0.872165
0.167934
0.729542
0.918103
0.189901
0.117334
0.901844
0.330288
0.013265
0.057686
1.137248
0.498482
0.253518
0.825383
0.334191
0.231533
0.359845
0.175695
0.448275
0.663612
0.585292
0.286006
0.134202
0.597047
2.162660
0.013073
0.474501
1.249677
0.365315
0.030929
0.078170
0.210517
0.211764
1.216822
0.101800
0.541277
0.064741
0.009857
0.078162
0.079868
0.068761
0.021385
0.753969
0.373493
0.948445
0.154689
1.135815
0.225542
0.413211
0.335576
0.051487
0.145311
1.291758
0.202671
1.490157
1.211037
0.222408
0.412877
0.883410
1.049629
0.486537
1.822087
0.124927
1.710921
1.086394
0.259846
0.495263
0.003810
0.276533
0.742143
0.084341
0.402936
0.844252
1.357959
0.041424
0.547066
0.111542
1.872528
0.014319
0.718457
0.312975
0.067384
0.007324
0.246934
0.307476
1.658861
0.179053
0.852951
0.373127
0.069703
0.595107
0.080049
0.054898
1.244030
0.061247
2.308770
0.194470
0.681107
3.040273
0.687266
0.364120
0.082989
0.178583
0.202068
0.045395
0.238900
3.019578
0.168957
0.220199
0.013094
0.025164
0.861488
0.082396
0.032870
0.118624
0.472426
0.013886
0.358930
0.280757
0.402878
0.514074
0.067051
0.603974
0.685828
0.021677
0.847712
0.666731
0.226792
0.410928
0.662411
0.059220
0.040403
1.090558
0.265547
0.263880
1.822437
0.784850
0.261863
0.150971
0.080150
0.284174
0.185316
1.746288
0.440304
0.233665
0.099703
0.109534
0.256010
0.590433
0.492267
1.539192
0.204224
0.696933
0.532333
0.042579
0.790701
0.318984
0.852063
0.086562
0.016272
0.401725
0.157808
0.058070
0.289287
0.573954
0.366696
0.266517
0.321790
1.311493
0.560117
0.487363
0.223889
2.052158
0.448589
1.463315
0.220670
0.741543
0.077249
0.708463
0.313728
0.733843
0.621545
0.808155
0.368474
0.228378
1.072798
0.189709
0.911008
0.603774
0.321899
1.021348
0.146038
0.683968
1.955261
0.589789
0.279367
0.346267
0.055896
1.164773
0.278529
0.756080
0.372604
0.775728
0.719986
0.062581
0.663039
0.063855
1.106872
1.050388
1.049549
0.220619
0.520899
0.444510
0.086065
0.092327
1.557333
0.021001
0.331162
0.789715
0.677789
1.597767
0.545662
2.700811
0.609413
0.516691
0.582508
0.071065
0.077679
0.789582
0.017892
0.423148
0.425977
0.411076
0.222410
0.205102
0.566851
0.049106
0.304749
0.420673
1.773383
0.203089
1.299354
0.481642
1.280358
0.043739
0.773162
1.053333
0.066704
0.158260
0.557774
1.009055
0.130925
0.205108
0.992373
1.365128
1.973609
0.399995
0.034830
0.066528
0.211193
0.054037
0.594678
1.250145
0.543769
0.028096
0.146799
0.208603
0.080194
0.620318
1.203890
0.063558
0.022817
0.902773
0.669193
1.711100
1.258977
0.371907
0.934482
0.022639
0.794869
0.364886
1.211591
0.013375
0.963700
0.743489
1.624570
0.901407
0.196234
0.014447
1.606312
0.553017
0.070160
0.532586
0.442239
0.789635
0.618893
0.920983
0.072507
0.976531
0.401810
0.023009
1.897782
0.454289
1.062597
0.628092
0.415358
0.804633
0.137194
0.263799
0.929697
0.018324
1.315268
0.704462
0.032205
0.762627
0.377021
0.011927
0.480644
0.962594
0.026728
0.430604
0.370416
0.101041
0.132426
0.058466
1.882818
1.429338
1.516700
0.059300
0.806764
0.350733
0.085282
0.753319
0.053262
0.019060
0.340221
0.547273
0.908131
0.661323
0.039136
0.572224
0.733870
0.001627
0.287410
0.891697
0.770147
1.701605
0.967253
0.258155
0.859864
1.190580
1.972043
0.210926
0.047446
0.119962
0.303047
0.034877
0.084782
0.260750
0.098746
1.570767
1.206834
0.204755
0.664257
0.005813
0.233744
0.129863
0.564847
0.118364
1.639144
0.697476
1.114640
0.658126
0.704072
0.199932
0.414821
0.389445
0.175717
0.271760
1.444490
0.062333
0.197898
1.295121
0.309369
0.270114
0.074430
1.237867
0.331562
0.174266
0.194503
0.545284
0.144549
0.132493
6.829962
2.141196
0.140084
0.233744
0.120989
1.270487
0.438798
0.097542
0.559457
0.323717
1.198976
0.279981
0.820469
0.320174
1.750848
0.054084
1.113692
1.227990
0.124059
0.123619
0.913856
0.571451
0.505892
1.897767
0.454418
0.064594
0.158594
1.258363
0.768944
0.369980
0.082473
0.768942
0.355714
0.252424
0.086338
0.643650
0.191079
0.678968
1.157428
2.354076
0.123860
0.831197
0.272146
0.012979
0.166484
0.246821
0.068568
0.096426
0.181075
0.213763
0.250802
0.077183
0.014708
0.015679
0.064241
0.491742
0.082475
0.249100
0.394026
1.384137
1.233987
0.597556
0.640777
0.276085
0.049210
1.064249
0.080252
0.264958
0.488808
0.025387
0.257353
0.926440
0.982419
0.863187
1.015663
0.077175
0.118921
2.902280
0.191674
0.362313
0.211457
0.623903
0.537256
0.234085
0.680778
0.755035
4.390899
1.130733
0.094058
0.393857
0.894977
0.045359
0.138831
0.405320
0.357724
0.204872
0.286715
0.538396
0.688222
0.031046
0.616905
0.081171
1.168685
0.420406
1.786367
0.739769
0.621821
0.101421
0.733196
0.015277
0.600469
0.060581
0.679258
0.221290
0.334678
0.333444
0.073513
0.334528
0.241037
0.184237
0.016740
0.121374
0.251211
0.161048
0.736925
1.182034
0.472798
0.116198
0.416522
0.222423
0.155695
0.160168
0.355581
0.093762
0.924912
0.327779
1.434532
0.404170
0.545979
0.623251
0.439131
0.225908
0.876078
0.198342
0.638545
0.188848
0.841408
0.975547
0.810679
0.109482
0.090816
0.901799
0.265668
0.411660
0.058642
0.101143
0.314609
0.640460
0.247564
0.016400
0.042395
0.536588
0.182903
0.446070
0.883251
0.080729
0.036861
0.739903
0.607856
0.664977
0.331609
0.169836
0.052147
0.186554
0.477841
0.857934
0.491712
0.280709
0.566716
0.279607
0.492084
0.929481
0.153015
0.019594
0.259760
0.234444
0.125237
1.028588
0.050751
0.473472
1.174070
0.097896
0.157461
0.118378
0.730591
0.052250
0.223076
0.913509
1.026080
0.032757
0.427384
0.220302
0.216478
0.559904
0.550952
1.703527
0.340461
0.173881
0.252473
0.094325
0.640202
0.011487
0.008110
2.124134
0.031545
0.273471
0.223154
0.166137
0.173694
0.304894
1.125876
0.110275
0.503040
0.090126
0.262748
0.257407
0.153374
0.731917
0.138203
0.072922
0.892095
0.846718
0.338696
0.101351
0.336448
0.087071
0.081459
2.055883
0.302161
0.395712
0.084532
0.096568
0.421418
0.094150
0.087976
0.498010
0.449370
0.368398
1.223017
1.087479
1.905850
0.825518
0.044039
0.473684
1.807603
0.339670
0.007368
0.135415
0.151703
0.147940
0.233373
0.049230
0.037490
1.001315
0.162343
0.412778
0.012578
0.278946
0.394421
0.325424
1.832312
0.603948
0.530698
0.392520
1.031032
0.844698
0.095915
0.313424
0.205282
0.046012
0.217020
0.188886
1.131993
0.286726
1.307644
1.016864
1.325870
1.419206
0.056252
0.106084
0.110077
0.326355
0.167694
0.157248
0.211092
0.412979
0.891453
0.230406
2.291206
0.236990
0.940709
1.664290
0.040961
0.348230
0.354694
1.512726
0.190647
0.573807
0.269948
0.530292
0.735976
0.733329
1.726666
0.549187
0.115165
1.127914
0.383656
0.072628
0.906067
0.513817
0.197538
0.017451
0.064778
0.472488
0.181305
0.313587
0.095275
0.073088
0.901299
0.089124
0.360233
0.574042
0.068151
0.448403
0.101921
0.504581
0.392186
0.348008
0.191424
1.619345
0.084315
0.046390
0.654832
0.065931
0.703643
1.373012
0.009465
0.171903
0.036832
0.967053
1.352135
0.253241
1.102487
0.028071
0.004369
0.107767
0.367502
0.100566
0.200151
0.219738
0.211912
0.926894
0.019569
0.320165
0.285896
0.126023
0.057345
1.933554
0.644082
0.277947
1.405590
1.057646
0.361851
0.554264
0.001472
0.157519
0.465414
0.010965
0.411825
0.564726
1.048349
0.340860
0.038537
0.728112
0.397976
0.043257
1.619212
0.035933
0.153992
0.171708
0.276668
0.471489
0.071944
0.311208
0.043551
0.421406
0.579412
0.106457
0.397682
0.264129
0.481448
0.335154
0.171083
0.071509
0.086228
0.173158
0.258338
0.722337
0.188733
1.671555
0.290774
0.106313
0.307100
0.361953
1.590151
0.003903
0.455681
1.257897
0.040128
0.994242
0.117772
0.348670
0.320876
0.210700
1.682603
0.407146
1.223083
0.527188
0.690794
0.309909
0.031980
0.228670
1.501953
0.216723
0.346869
0.057600
0.517030
1.170641
1.031740
1.595173
1.014255
0.188407
0.081485
0.198299
0.883343
0.057599
0.204113
0.278544
0.014206
0.265763
0.171402
0.135819
1.228942
0.721652
0.435830
1.059421
0.193494
0.341716
0.379023
0.036135
1.574168
0.449935
0.287021
1.190184
1.451175
1.382718
0.008215
0.445245
0.918945
1.100392
0.397466
0.617759
0.113601
0.599944
0.018701
0.016438
0.824045
0.232514
0.307599
0.902711
0.766644
0.692526
0.038152
0.599591
0.360303
0.532409
0.431835
0.899221
0.081452
0.058159
1.172561
0.056811
0.607323
0.208455
0.007500
0.522475
0.162845
0.015840
0.135797
0.063246
1.265788
0.771412
0.880522
0.066027
0.331790
1.000670
0.084829
0.173064
0.135071
0.477924
0.068582
0.010563
0.227225
0.112597
0.635525
1.054935
0.971923
0.176805
0.624467
0.003601
0.261836
0.480323
0.060846
0.058741
1.588319
0.069325
0.711758
0.134755
0.087564
2.899623
0.219303
0.042298
0.764376
0.101180
0.114595
0.156117
0.024619
0.223823
0.411363
0.167578
1.872892
0.583886
0.182410
0.208961
1.106277
0.012731
0.124444
0.688027
0.195037
1.355441
0.702437
0.655875
0.400228
1.016973
0.920986
0.355809
3.303365
0.458933
0.684023
0.086759
0.455154
0.052936
0.137491
0.239658
0.166800
0.294607
0.523460
0.201513
0.820222
0.117703
0.479181
0.762752
1.144789
1.276535
0.066237
0.778589
1.471560
0.211108
0.384687
0.157555
0.162816
0.172161
0.000472
0.882476
0.087463
0.923971
0.206211
0.086659
0.292657
0.043516
0.191677
0.020759
0.101556
0.409177
0.273625
0.315060
0.002044
0.036524
0.802667
0.830854
0.164387
0.268634
0.449071
0.098547
0.206105
0.630711
1.723450
0.167816
0.031553
0.351450
0.405296
0.207065
0.795190
0.406359
0.091895
1.569024
0.254404
0.352453
0.061515
0.922126
0.444820
0.284749
1.070764
0.741423
2.483277
0.181193
0.137535
2.923657
0.234547
0.020234
0.823304
0.531564
0.303775
0.255389
0.896416
0.787835
0.062057
0.808906
0.040738
0.097933
0.183017
0.502083
0.363830
0.054167
0.105360
0.577356
0.030568
0.444322
0.105791
0.096227
0.281624
0.756822
0.469853
0.187833
0.402489
0.461016
0.480063
0.788447
0.457399
2.388942
0.895011
0.261028
0.519529
0.170092
0.821683
0.326698
0.042502
1.284532
0.165219
0.087019
0.053386
0.443259
0.788451
0.481470
0.586535
2.048729
0.180545
0.692926
0.424517
0.340392
1.294841
0.001410
0.159878
0.382014
0.189887
0.876008
0.073383
1.352575
0.483740
0.665724
1.293310
0.301657
0.076929
0.423077
0.676167
1.490693
0.025995
0.865393
1.030488
0.201774
2.025370
1.823679
1.262654
0.748002
0.448454
0.471511
0.712230
1.128112
0.223487
0.201385
0.246358
0.168013
0.203496
0.543404
0.856315
0.525390
0.335971
1.563061
0.437904
0.057843
0.588857
0.354842
0.413052
0.899765
0.041223
0.180925
0.766009
0.069517
0.067605
